#Mean	368.149
#Median	357
#Mode	342
#STDev	120.931
#PercentOfPairs	1.148
#InsertSize	Count
40	1
44	1
56	1
79	1
85	1
87	2
88	1
89	1
91	1
92	1
95	2
96	1
99	3
100	2
101	1
104	1
108	3
109	1
111	3
113	1
116	1
119	1
121	3
122	2
124	1
125	1
126	1
127	3
128	2
129	4
130	6
131	6
132	7
133	5
134	12
135	5
136	5
137	10
138	13
139	10
140	18
141	17
142	13
143	17
144	14
145	23
146	24
147	27
148	14
149	33
150	25
151	31
152	26
153	40
154	20
155	24
156	25
157	28
158	17
159	20
160	40
161	22
162	20
163	36
164	24
165	33
166	31
167	43
168	55
169	41
170	44
171	37
172	43
173	44
174	42
175	45
176	41
177	47
178	52
179	48
180	48
181	40
182	50
183	27
184	51
185	38
186	50
187	50
188	40
189	47
190	40
191	45
192	65
193	45
194	62
195	60
196	48
197	34
198	52
199	64
200	55
201	36
202	55
203	48
204	56
205	31
206	50
207	55
208	54
209	52
210	55
211	47
212	47
213	58
214	59
215	60
216	58
217	59
218	71
219	54
220	59
221	58
222	58
223	40
224	66
225	77
226	41
227	56
228	47
229	49
230	34
231	51
232	61
233	57
234	51
235	59
236	44
237	38
238	46
239	61
240	38
241	60
242	54
243	41
244	55
245	45
246	86
247	49
248	48
249	53
250	52
251	50
252	44
253	46
254	41
255	70
256	54
257	39
258	53
259	37
260	61
261	51
262	44
263	49
264	52
265	49
266	38
267	50
268	41
269	42
270	50
271	50
272	43
273	58
274	50
275	51
276	64
277	55
278	51
279	43
280	53
281	47
282	31
283	65
284	47
285	46
286	54
287	41
288	53
289	49
290	57
291	51
292	61
293	45
294	44
295	55
296	69
297	52
298	50
299	38
300	42
301	63
302	56
303	75
304	59
305	71
306	61
307	79
308	72
309	95
310	79
311	89
312	81
313	93
314	97
315	117
316	108
317	143
318	146
319	167
320	155
321	163
322	192
323	170
324	209
325	248
326	238
327	230
328	249
329	292
330	291
331	290
332	299
333	309
334	322
335	318
336	316
337	344
338	298
339	327
340	330
341	334
342	345
343	327
344	312
345	332
346	304
347	282
348	335
349	339
350	332
351	333
352	281
353	324
354	293
355	295
356	319
357	302
358	294
359	288
360	286
361	285
362	288
363	239
364	305
365	260
366	290
367	262
368	274
369	286
370	257
371	277
372	253
373	250
374	246
375	244
376	264
377	231
378	231
379	237
380	237
381	202
382	227
383	230
384	205
385	215
386	237
387	211
388	225
389	212
390	225
391	211
392	191
393	200
394	195
395	202
396	194
397	184
398	186
399	179
400	176
401	195
402	186
403	178
404	166
405	175
406	172
407	182
408	169
409	148
410	149
411	150
412	145
413	130
414	142
415	116
416	150
417	122
418	110
419	99
420	121
421	107
422	101
423	103
424	102
425	88
426	101
427	86
428	78
429	61
430	75
431	60
432	77
433	64
434	61
435	56
436	52
437	50
438	47
439	60
440	39
441	43
442	35
443	40
444	47
445	47
446	40
447	33
448	24
449	22
450	29
451	23
452	23
453	26
454	22
455	37
456	19
457	25
458	13
459	20
460	21
461	26
462	17
463	23
464	24
465	20
466	24
467	30
468	20
469	20
470	15
471	15
472	23
473	27
474	18
475	16
476	21
477	19
478	23
479	23
480	25
481	18
482	26
483	19
484	20
485	16
486	27
487	13
488	18
489	24
490	21
491	12
492	9
493	10
494	11
495	11
496	20
497	18
498	22
499	14
500	15
501	17
502	11
503	19
504	19
505	14
506	25
507	20
508	20
509	18
510	26
511	20
512	8
513	7
514	22
515	14
516	20
517	25
518	21
519	23
520	11
521	26
522	19
523	20
524	23
525	14
526	16
527	16
528	15
529	24
530	14
531	12
532	14
533	23
534	10
535	18
536	21
537	12
538	18
539	13
540	20
541	27
542	18
543	14
544	20
545	16
546	11
547	11
548	15
549	22
550	13
551	16
552	14
553	21
554	26
555	11
556	18
557	16
558	12
559	8
560	13
561	20
562	21
563	11
564	20
565	9
566	21
567	18
568	11
569	10
570	15
571	10
572	15
573	12
574	15
575	19
576	12
577	27
578	15
579	18
580	13
581	13
582	10
583	14
584	12
585	8
586	13
587	17
588	14
589	14
590	14
591	14
592	15
593	9
594	13
595	17
596	4
597	17
598	16
599	17
600	7
601	9
602	12
603	10
604	14
605	9
606	19
607	9
608	9
609	5
610	12
611	15
612	13
613	10
614	12
615	9
616	12
617	13
618	8
619	8
620	16
621	9
622	11
623	11
624	12
625	14
626	17
627	10
628	12
629	10
630	5
631	13
632	13
633	8
634	17
635	9
636	18
637	14
638	11
639	6
640	13
641	13
642	15
643	8
644	16
645	4
646	8
647	10
648	9
649	6
650	6
651	17
652	17
653	4
654	8
655	8
656	6
657	11
658	16
659	16
660	8
661	8
662	9
663	9
664	14
665	10
666	6
667	10
668	7
669	11
670	13
671	14
672	6
673	12
674	11
675	9
676	11
677	8
678	12
679	6
680	12
681	10
682	9
683	14
685	6
686	7
687	8
688	13
689	9
690	9
691	6
692	10
693	6
694	9
695	7
696	7
697	7
698	7
699	2
700	9
701	12
702	9
703	7
704	5
705	9
706	6
707	6
708	7
709	3
710	10
711	3
712	7
713	8
714	12
715	6
716	8
717	6
718	15
719	4
720	11
721	3
722	8
723	3
724	13
725	5
726	6
727	4
728	6
729	6
730	6
731	8
732	4
733	6
734	5
735	6
736	7
737	4
738	6
739	5
740	2
741	6
742	8
743	5
744	7
745	4
746	4
747	12
748	6
749	2
750	13
751	7
752	6
753	3
754	7
755	4
756	6
757	8
758	11
759	5
760	6
761	9
762	3
763	5
764	5
765	4
766	7
767	5
768	8
769	6
770	9
771	5
772	6
773	4
775	10
776	7
777	5
778	9
779	3
780	2
781	6
782	9
783	4
784	4
785	7
786	4
787	2
788	5
789	3
790	2
791	2
792	1
793	5
794	5
795	2
796	11
797	5
798	4
799	7
800	6
801	6
802	2
803	8
804	2
805	3
806	8
807	6
808	3
809	1
810	2
811	1
812	4
813	2
814	6
815	4
816	5
817	3
818	6
819	2
820	2
821	1
822	2
823	4
824	2
825	1
826	3
827	6
828	2
829	3
831	4
832	2
833	6
834	6
835	3
836	4
837	6
838	3
839	2
840	5
841	2
842	3
843	5
844	2
845	2
846	3
847	2
849	6
850	5
851	3
852	2
853	2
854	1
856	1
857	1
858	4
860	2
861	3
862	3
863	5
864	3
865	4
866	3
867	4
868	6
869	1
870	2
871	3
872	1
873	3
874	4
875	6
876	2
877	2
879	2
880	2
881	3
883	3
884	2
886	1
888	4
889	1
890	2
891	2
892	6
893	2
894	3
895	2
896	3
897	3
898	4
899	3
900	3
901	5
902	3
903	1
904	1
905	2
906	1
907	1
908	3
910	2
911	2
912	2
913	1
914	2
921	1
922	4
924	3
925	2
926	4
927	2
928	2
929	1
930	2
934	2
935	1
936	2
937	2
938	2
941	1
942	2
943	1
944	6
946	2
947	1
948	1
949	3
951	1
952	2
953	1
954	1
955	2
956	1
957	1
958	1
959	3
960	1
961	1
963	1
964	2
965	1
966	2
967	2
969	3
970	1
971	1
973	1
974	1
975	1
978	1
979	2
980	1
981	1
984	2
986	2
987	2
989	1
991	2
994	1
995	3
997	1
1001	1
1005	1
1006	2
1010	1
1011	1
1014	1
1016	3
1024	1
1025	1
1033	1
1034	1
1036	1
1039	1
1040	1
1047	1
1048	1
1051	1
1052	1
1054	1
1067	1
1068	1
1088	1
1091	1
1098	1
1117	2
1125	1
1129	1
1175	1
1236	1
1562	1
2987	1
5107	1
