#Mean	314.371
#Median	296
#Mode	271
#STDev	92.795
#PercentOfPairs	5.435
#InsertSize	Count
37	2
39	1
40	1
53	1
54	1
57	1
66	1
68	1
70	1
72	2
73	1
74	1
77	1
78	2
81	1
83	4
89	3
91	2
94	1
97	1
102	3
105	2
106	1
109	3
113	2
115	3
117	2
119	2
120	2
121	1
122	1
123	4
124	2
125	1
126	2
128	5
129	1
130	5
131	7
132	4
133	5
134	8
135	10
136	16
137	5
138	5
139	12
140	12
141	20
142	17
143	15
144	15
145	19
146	32
147	30
148	33
149	35
150	53
151	53
152	39
153	47
154	63
155	55
156	62
157	70
158	64
159	68
160	82
161	82
162	74
163	91
164	98
165	93
166	98
167	98
168	109
169	113
170	118
171	124
172	124
173	129
174	159
175	121
176	170
177	167
178	179
179	181
180	185
181	189
182	191
183	221
184	249
185	235
186	250
187	258
188	275
189	278
190	288
191	310
192	337
193	342
194	346
195	342
196	380
197	383
198	387
199	412
200	443
201	419
202	428
203	516
204	457
205	512
206	533
207	501
208	534
209	543
210	521
211	587
212	630
213	638
214	630
215	607
216	658
217	653
218	688
219	700
220	741
221	726
222	768
223	777
224	769
225	822
226	787
227	824
228	850
229	895
230	853
231	884
232	862
233	897
234	935
235	965
236	962
237	986
238	995
239	1035
240	988
241	1043
242	989
243	1043
244	988
245	1051
246	1030
247	1116
248	1083
249	1078
250	1120
251	1148
252	1085
253	1131
254	1111
255	1162
256	1136
257	1136
258	1140
259	1193
260	1160
261	1128
262	1168
263	1223
264	1136
265	1154
266	1145
267	1164
268	1213
269	1158
270	1117
271	1252
272	1196
273	1127
274	1188
275	1158
276	1111
277	1181
278	1181
279	1135
280	1132
281	1151
282	1097
283	1106
284	1147
285	1122
286	1131
287	1077
288	1110
289	1103
290	1084
291	1066
292	1094
293	1152
294	1172
295	1086
296	1121
297	1143
298	1043
299	1084
300	1007
301	1029
302	1036
303	994
304	1041
305	1017
306	1037
307	917
308	977
309	952
310	919
311	973
312	973
313	985
314	904
315	914
316	938
317	861
318	893
319	864
320	885
321	876
322	822
323	930
324	856
325	768
326	828
327	806
328	695
329	817
330	793
331	782
332	777
333	761
334	718
335	733
336	797
337	749
338	773
339	696
340	693
341	728
342	710
343	621
344	691
345	702
346	686
347	679
348	627
349	628
350	689
351	629
352	625
353	606
354	613
355	619
356	602
357	601
358	611
359	565
360	619
361	605
362	535
363	549
364	548
365	540
366	519
367	528
368	563
369	501
370	521
371	511
372	506
373	481
374	520
375	511
376	510
377	446
378	479
379	496
380	485
381	464
382	499
383	472
384	441
385	387
386	462
387	405
388	423
389	405
390	403
391	405
392	432
393	381
394	354
395	389
396	373
397	402
398	354
399	355
400	365
401	408
402	376
403	355
404	335
405	306
406	346
407	339
408	324
409	335
410	360
411	342
412	315
413	303
414	295
415	323
416	298
417	292
418	270
419	288
420	292
421	266
422	285
423	261
424	268
425	285
426	264
427	281
428	297
429	279
430	296
431	239
432	251
433	246
434	249
435	241
436	240
437	227
438	256
439	252
440	225
441	233
442	239
443	217
444	223
445	210
446	190
447	209
448	209
449	232
450	193
451	183
452	196
453	223
454	193
455	196
456	202
457	187
458	206
459	168
460	199
461	164
462	170
463	161
464	161
465	175
466	157
467	175
468	155
469	148
470	158
471	159
472	150
473	129
474	145
475	156
476	143
477	133
478	156
479	139
480	128
481	165
482	140
483	122
484	121
485	106
486	134
487	117
488	103
489	144
490	118
491	152
492	123
493	129
494	119
495	118
496	115
497	118
498	115
499	98
500	103
501	99
502	97
503	100
504	94
505	110
506	105
507	99
508	86
509	101
510	107
511	89
512	96
513	82
514	83
515	80
516	87
517	93
518	88
519	72
520	87
521	86
522	68
523	63
524	78
525	75
526	67
527	89
528	66
529	79
530	81
531	87
532	63
533	78
534	60
535	70
536	63
537	67
538	71
539	63
540	70
541	58
542	62
543	56
544	76
545	65
546	60
547	67
548	56
549	69
550	60
551	72
552	51
553	59
554	41
555	50
556	66
557	58
558	47
559	67
560	57
561	49
562	40
563	40
564	56
565	41
566	59
567	49
568	49
569	34
570	45
571	36
572	36
573	46
574	44
575	48
576	34
577	50
578	39
579	29
580	40
581	37
582	27
583	32
584	34
585	33
586	37
587	29
588	43
589	34
590	23
591	40
592	26
593	33
594	51
595	31
596	32
597	21
598	28
599	26
600	21
601	31
602	23
603	39
604	23
605	29
606	26
607	33
608	30
609	25
610	41
611	19
612	26
613	18
614	19
615	26
616	25
617	18
618	22
619	33
620	20
621	26
622	21
623	24
624	30
625	22
626	23
627	16
628	32
629	18
630	15
631	19
632	17
633	23
634	21
635	21
636	13
637	19
638	22
639	20
640	16
641	16
642	19
643	15
644	19
645	13
646	20
647	14
648	15
649	10
650	9
651	24
652	16
653	19
654	15
655	8
656	10
657	15
658	16
659	19
660	17
661	23
662	14
663	11
664	9
665	13
666	24
667	15
668	17
669	12
670	6
671	14
672	12
673	10
674	15
675	19
676	18
677	8
678	9
679	9
680	10
681	10
682	15
683	11
684	13
685	9
686	10
687	9
688	9
689	13
690	3
691	10
692	13
693	9
694	6
695	15
696	6
697	8
698	12
699	8
700	14
701	10
702	10
703	9
704	10
705	4
706	8
707	6
708	11
709	13
710	9
711	6
712	10
713	7
714	13
715	9
716	4
717	10
718	6
719	8
720	8
721	5
722	4
723	8
724	2
725	8
726	10
727	8
728	8
729	9
730	7
731	6
732	6
733	6
734	5
735	4
736	6
737	5
738	5
739	6
740	10
741	6
742	4
743	5
744	4
745	2
746	2
747	4
748	7
749	1
750	6
751	5
752	5
753	9
754	3
755	5
756	8
757	3
758	6
759	3
760	3
761	8
762	8
763	9
764	7
765	3
766	4
767	2
768	4
769	3
770	1
771	1
772	3
773	4
774	6
775	3
776	3
777	2
778	6
779	2
780	1
781	5
783	3
784	7
785	2
786	3
787	2
788	5
789	8
790	5
791	1
792	3
795	3
796	2
797	4
798	5
799	3
800	1
801	3
802	7
803	5
804	8
805	2
806	3
807	3
808	5
809	1
810	2
811	9
814	5
815	5
816	9
817	3
818	1
819	1
820	2
821	2
822	3
823	1
824	3
825	3
826	2
827	5
828	4
829	3
830	1
831	3
832	2
833	2
834	2
835	1
836	7
837	3
838	3
839	2
841	4
842	2
843	4
844	3
845	3
846	2
847	3
848	1
849	2
850	1
851	3
852	4
853	2
854	1
856	3
857	1
858	2
859	2
860	3
861	1
862	2
863	4
864	4
865	1
866	1
867	1
868	3
869	2
870	4
871	1
872	3
873	1
876	1
877	3
878	1
880	4
881	1
882	1
883	1
884	1
886	2
887	1
888	1
889	1
890	1
891	2
893	1
895	2
896	3
897	2
898	2
900	1
901	4
902	1
903	3
904	2
905	1
906	2
908	1
909	1
910	1
912	3
914	2
915	1
916	1
917	3
918	2
919	1
920	4
921	1
922	1
923	1
925	2
927	1
929	3
931	1
932	2
933	1
934	3
935	3
940	1
941	1
942	2
943	1
945	2
947	1
948	1
949	2
950	2
951	1
952	1
953	1
954	2
955	2
956	3
959	1
960	2
969	2
971	1
975	1
976	1
980	1
981	2
984	1
991	3
992	3
996	1
999	1
1000	2
1003	1
1004	1
1005	2
1006	1
1007	2
1011	1
1017	1
1018	2
1025	3
1027	1
1028	1
1029	1
1030	1
1033	1
1037	1
1039	1
1045	1
1049	1
1051	1
1065	1
1066	1
1069	1
1071	1
1078	1
1092	1
1094	1
1097	1
1102	1
1125	1
1129	1
1130	1
1142	1
1196	1
1197	1
1246	1
1263	1
