#Mean	310.256
#Median	290
#Mode	268
#STDev	97.617
#PercentOfPairs	4.713
#InsertSize	Count
42	1
47	1
51	1
59	1
63	1
65	1
66	1
67	2
68	2
71	1
74	1
77	1
78	2
80	1
83	1
84	1
86	1
87	1
88	1
90	1
91	1
93	1
95	1
99	2
101	2
102	2
104	1
106	1
109	2
110	2
111	1
113	4
114	1
115	2
116	3
117	2
118	4
121	1
122	1
123	1
124	3
125	2
126	3
127	1
128	4
129	3
130	7
131	3
132	4
133	6
134	5
135	4
136	8
137	11
138	10
139	14
140	16
141	15
142	24
143	21
144	25
145	23
146	37
147	34
148	43
149	47
150	41
151	47
152	46
153	49
154	65
155	61
156	55
157	68
158	69
159	82
160	77
161	82
162	82
163	88
164	93
165	113
166	123
167	103
168	119
169	113
170	133
171	127
172	128
173	139
174	161
175	138
176	165
177	179
178	173
179	168
180	180
181	199
182	199
183	203
184	218
185	230
186	217
187	247
188	252
189	255
190	263
191	302
192	258
193	272
194	278
195	314
196	300
197	358
198	313
199	367
200	362
201	383
202	374
203	404
204	404
205	412
206	427
207	465
208	418
209	480
210	426
211	472
212	465
213	498
214	496
215	524
216	522
217	562
218	538
219	533
220	586
221	624
222	613
223	597
224	623
225	640
226	662
227	641
228	654
229	637
230	641
231	694
232	685
233	735
234	756
235	676
236	712
237	733
238	747
239	791
240	801
241	737
242	787
243	777
244	798
245	842
246	727
247	796
248	795
249	861
250	785
251	820
252	852
253	883
254	805
255	834
256	752
257	805
258	839
259	856
260	852
261	854
262	834
263	865
264	850
265	840
266	861
267	878
268	895
269	803
270	851
271	828
272	815
273	849
274	800
275	791
276	797
277	817
278	817
279	819
280	867
281	823
282	801
283	826
284	760
285	810
286	767
287	791
288	832
289	787
290	780
291	753
292	777
293	790
294	764
295	737
296	792
297	732
298	734
299	723
300	737
301	736
302	646
303	732
304	701
305	674
306	673
307	663
308	693
309	667
310	676
311	629
312	651
313	649
314	625
315	613
316	674
317	624
318	611
319	634
320	655
321	598
322	624
323	618
324	535
325	610
326	577
327	534
328	546
329	549
330	540
331	495
332	530
333	545
334	499
335	470
336	495
337	505
338	493
339	475
340	505
341	482
342	478
343	426
344	479
345	474
346	415
347	458
348	450
349	366
350	449
351	472
352	423
353	479
354	406
355	402
356	405
357	400
358	366
359	409
360	378
361	373
362	389
363	399
364	408
365	379
366	356
367	390
368	355
369	350
370	338
371	385
372	354
373	353
374	329
375	372
376	318
377	306
378	313
379	296
380	307
381	329
382	281
383	293
384	298
385	274
386	308
387	304
388	284
389	257
390	282
391	260
392	275
393	282
394	245
395	280
396	282
397	213
398	252
399	236
400	246
401	239
402	223
403	247
404	250
405	228
406	221
407	210
408	214
409	218
410	200
411	212
412	221
413	193
414	214
415	186
416	227
417	221
418	191
419	196
420	179
421	202
422	193
423	183
424	186
425	209
426	197
427	166
428	169
429	184
430	166
431	173
432	156
433	166
434	177
435	148
436	155
437	150
438	127
439	151
440	159
441	172
442	145
443	160
444	137
445	138
446	141
447	127
448	141
449	118
450	124
451	128
452	133
453	106
454	145
455	138
456	108
457	106
458	122
459	121
460	115
461	105
462	114
463	93
464	102
465	110
466	124
467	109
468	90
469	89
470	112
471	97
472	100
473	83
474	103
475	81
476	96
477	111
478	88
479	80
480	94
481	68
482	80
483	88
484	76
485	67
486	83
487	74
488	86
489	61
490	72
491	85
492	62
493	83
494	76
495	73
496	77
497	78
498	75
499	63
500	55
501	89
502	79
503	60
504	68
505	70
506	59
507	65
508	73
509	62
510	66
511	60
512	56
513	51
514	56
515	55
516	66
517	57
518	59
519	48
520	56
521	41
522	60
523	62
524	52
525	54
526	37
527	49
528	37
529	53
530	49
531	56
532	37
533	52
534	46
535	47
536	52
537	37
538	44
539	42
540	44
541	41
542	50
543	42
544	32
545	41
546	40
547	39
548	34
549	51
550	48
551	41
552	40
553	40
554	38
555	28
556	41
557	43
558	40
559	33
560	48
561	31
562	38
563	34
564	36
565	45
566	27
567	40
568	35
569	32
570	26
571	40
572	32
573	25
574	30
575	23
576	36
577	34
578	27
579	45
580	19
581	22
582	27
583	33
584	25
585	29
586	30
587	28
588	21
589	26
590	20
591	25
592	20
593	25
594	30
595	25
596	22
597	15
598	32
599	19
600	21
601	27
602	20
603	26
604	19
605	14
606	23
607	22
608	25
609	19
610	34
611	14
612	21
613	20
614	19
615	26
616	12
617	16
618	17
619	18
620	19
621	16
622	17
623	14
624	14
625	12
626	12
627	21
628	13
629	8
630	16
631	16
632	23
633	22
634	18
635	15
636	12
637	17
638	17
639	10
640	7
641	17
642	8
643	11
644	11
645	8
646	14
647	15
648	13
649	12
650	21
651	15
652	11
653	5
654	10
655	15
656	12
657	10
658	14
659	9
660	13
661	18
662	16
663	16
664	8
665	13
666	14
667	14
668	9
669	8
670	5
671	16
672	10
673	8
674	11
675	13
676	13
677	13
678	7
679	12
680	11
681	14
682	14
683	16
684	11
685	11
686	10
687	11
688	7
689	10
690	3
691	5
692	7
693	5
694	12
695	5
696	13
697	4
698	12
699	11
700	7
701	9
702	8
703	6
704	9
705	10
706	7
707	6
708	4
709	6
710	11
711	9
712	11
713	12
714	6
715	6
716	9
717	5
718	7
719	10
720	9
721	7
722	10
723	4
724	4
725	8
726	10
727	7
728	6
729	6
730	7
731	8
732	10
733	3
734	6
735	4
736	7
737	6
738	3
739	4
740	2
741	6
742	5
743	8
744	9
745	9
746	4
747	5
748	9
749	2
750	9
751	2
752	8
753	5
754	2
755	10
756	6
757	10
758	8
759	6
760	10
761	5
762	4
763	8
764	4
765	3
766	4
767	6
768	8
769	5
770	6
771	9
772	4
773	9
774	3
775	5
776	2
778	2
779	1
780	4
781	4
782	3
783	1
784	2
785	4
787	3
788	5
789	2
790	4
791	8
792	5
793	4
794	4
795	4
796	3
797	2
798	5
799	2
800	4
801	3
802	4
803	6
804	3
805	3
807	1
808	5
809	2
810	4
811	3
812	4
813	4
814	2
815	3
816	5
817	3
818	4
819	3
820	5
821	6
822	3
824	5
825	2
826	3
827	3
828	1
829	3
830	3
831	4
832	4
833	2
834	4
835	3
836	5
837	5
838	4
839	5
840	2
841	2
842	1
843	4
844	4
845	3
846	2
848	4
849	3
850	2
851	3
852	3
853	1
854	3
855	1
856	1
857	2
859	3
860	2
861	4
862	3
863	1
864	2
865	1
868	1
870	2
871	1
872	6
873	7
874	3
876	4
877	2
878	5
879	1
880	3
881	2
882	2
883	3
884	1
885	1
886	1
887	3
888	3
889	2
891	1
892	2
893	3
894	3
895	1
896	2
898	2
899	1
900	1
901	1
903	2
904	1
905	1
906	2
907	1
908	1
909	2
910	2
911	1
912	1
913	4
914	2
915	1
916	1
917	2
918	2
920	2
921	2
922	1
923	2
924	2
925	2
926	1
927	1
928	2
929	5
930	1
932	1
933	4
934	2
935	3
936	2
938	2
939	2
942	2
944	2
946	1
949	4
951	2
953	1
954	1
955	2
956	2
957	2
959	1
960	1
962	1
965	1
966	3
968	1
971	1
973	1
974	1
975	1
976	2
977	1
978	2
981	1
983	3
984	2
985	4
988	2
992	1
996	2
997	3
998	1
999	1
1000	1
1003	1
1004	2
1007	3
1008	1
1010	1
1012	3
1013	1
1017	1
1018	2
1023	1
1024	1
1026	1
1028	1
1031	2
1033	1
1035	2
1039	1
1041	1
1047	1
1048	1
1049	1
1052	1
1058	1
1059	1
1063	1
1066	1
1069	1
1071	3
1072	1
1079	1
1081	1
1084	1
1087	1
1090	2
1101	1
1105	1
1110	3
1115	2
1139	1
1146	1
1158	1
1166	1
1169	1
1176	1
1181	1
1222	1
