#Mean	368.420
#Median	328
#Mode	268
#STDev	161.154
#PercentOfPairs	13.314
#InsertSize	Count
13	1
14	1
23	2
26	1
32	1
35	1
37	2
38	2
40	1
42	1
44	3
45	1
46	7
47	1
48	2
49	2
50	4
51	1
52	1
53	2
54	1
55	2
56	3
57	4
59	1
60	2
61	1
62	3
63	1
64	4
65	5
66	7
67	4
68	3
69	2
70	1
71	5
72	7
73	4
74	7
75	2
76	7
77	3
78	2
79	5
80	8
81	3
82	1
83	3
84	4
85	8
86	3
87	9
88	6
89	6
90	2
91	3
92	2
93	8
94	7
95	6
96	2
97	7
98	3
99	4
100	5
101	5
102	6
103	11
104	5
105	9
106	6
107	2
108	5
109	5
110	9
111	14
112	9
113	5
114	8
115	5
116	11
117	5
118	12
119	10
120	15
121	13
122	10
123	13
124	21
125	22
126	25
127	21
128	32
129	43
130	45
131	67
132	67
133	94
134	81
135	125
136	114
137	117
138	137
139	123
140	151
141	193
142	212
143	258
144	289
145	312
146	299
147	322
148	354
149	417
150	448
151	423
152	436
153	517
154	410
155	477
156	467
157	515
158	526
159	507
160	548
161	600
162	560
163	562
164	577
165	641
166	617
167	660
168	686
169	746
170	719
171	735
172	718
173	750
174	764
175	864
176	819
177	844
178	872
179	869
180	896
181	912
182	859
183	838
184	906
185	1005
186	989
187	1005
188	1030
189	1001
190	1106
191	1092
192	1076
193	1171
194	1075
195	1135
196	1105
197	1190
198	1139
199	1171
200	1256
201	1204
202	1259
203	1177
204	1225
205	1182
206	1265
207	1275
208	1351
209	1328
210	1284
211	1262
212	1324
213	1391
214	1385
215	1491
216	1336
217	1456
218	1373
219	1453
220	1380
221	1423
222	1387
223	1533
224	1405
225	1465
226	1417
227	1495
228	1434
229	1514
230	1550
231	1451
232	1510
233	1529
234	1560
235	1516
236	1474
237	1504
238	1531
239	1532
240	1584
241	1522
242	1556
243	1591
244	1604
245	1553
246	1614
247	1555
248	1657
249	1562
250	1586
251	1543
252	1577
253	1600
254	1551
255	1626
256	1623
257	1613
258	1579
259	1617
260	1610
261	1479
262	1632
263	1585
264	1502
265	1636
266	1556
267	1629
268	1657
269	1536
270	1583
271	1615
272	1628
273	1539
274	1526
275	1601
276	1648
277	1512
278	1480
279	1602
280	1530
281	1515
282	1511
283	1448
284	1569
285	1451
286	1504
287	1474
288	1470
289	1442
290	1496
291	1498
292	1424
293	1458
294	1520
295	1546
296	1436
297	1395
298	1345
299	1561
300	1400
301	1365
302	1502
303	1396
304	1353
305	1407
306	1461
307	1381
308	1289
309	1338
310	1390
311	1210
312	1392
313	1288
314	1423
315	1326
316	1288
317	1359
318	1321
319	1359
320	1329
321	1297
322	1348
323	1314
324	1278
325	1260
326	1283
327	1229
328	1298
329	1212
330	1274
331	1211
332	1196
333	1153
334	1221
335	1173
336	1232
337	1237
338	1184
339	1233
340	1232
341	1177
342	1170
343	1189
344	1097
345	1157
346	1162
347	1178
348	1185
349	1080
350	1156
351	1143
352	1116
353	1209
354	1026
355	1095
356	1065
357	1079
358	1091
359	1143
360	1099
361	1016
362	1026
363	1115
364	1042
365	1074
366	1028
367	1035
368	1118
369	1045
370	1099
371	1048
372	1047
373	991
374	1055
375	956
376	1074
377	1020
378	925
379	1033
380	920
381	946
382	946
383	949
384	972
385	969
386	1008
387	938
388	955
389	863
390	841
391	923
392	914
393	845
394	925
395	884
396	949
397	908
398	936
399	967
400	846
401	856
402	908
403	827
404	878
405	822
406	824
407	838
408	855
409	878
410	891
411	766
412	838
413	821
414	878
415	820
416	727
417	821
418	820
419	812
420	793
421	789
422	837
423	809
424	778
425	838
426	736
427	763
428	790
429	750
430	784
431	750
432	725
433	711
434	732
435	723
436	794
437	727
438	772
439	727
440	729
441	741
442	732
443	667
444	728
445	727
446	768
447	690
448	709
449	719
450	675
451	669
452	685
453	646
454	697
455	643
456	637
457	617
458	567
459	623
460	674
461	661
462	635
463	618
464	591
465	622
466	644
467	618
468	606
469	603
470	621
471	587
472	626
473	623
474	598
475	594
476	601
477	584
478	599
479	591
480	614
481	547
482	583
483	596
484	570
485	553
486	553
487	634
488	537
489	564
490	528
491	527
492	517
493	574
494	549
495	576
496	525
497	529
498	563
499	499
500	545
501	479
502	499
503	474
504	542
505	502
506	525
507	461
508	519
509	509
510	506
511	507
512	499
513	489
514	492
515	468
516	467
517	494
518	515
519	448
520	441
521	444
522	436
523	474
524	461
525	473
526	442
527	484
528	438
529	436
530	491
531	450
532	433
533	451
534	484
535	390
536	392
537	409
538	412
539	400
540	446
541	475
542	457
543	433
544	374
545	404
546	417
547	408
548	436
549	403
550	381
551	436
552	392
553	419
554	393
555	405
556	413
557	402
558	388
559	379
560	413
561	368
562	371
563	379
564	397
565	390
566	358
567	325
568	364
569	355
570	372
571	341
572	336
573	365
574	392
575	338
576	397
577	348
578	382
579	360
580	331
581	319
582	334
583	323
584	337
585	335
586	352
587	376
588	301
589	323
590	318
591	316
592	342
593	300
594	315
595	358
596	326
597	308
598	329
599	319
600	305
601	305
602	320
603	294
604	287
605	276
606	333
607	311
608	344
609	295
610	304
611	306
612	319
613	297
614	308
615	296
616	273
617	307
618	274
619	286
620	272
621	313
622	252
623	293
624	268
625	279
626	261
627	276
628	266
629	227
630	263
631	254
632	267
633	241
634	230
635	250
636	257
637	238
638	230
639	235
640	263
641	237
642	235
643	215
644	196
645	239
646	262
647	228
648	206
649	243
650	256
651	226
652	221
653	223
654	242
655	239
656	204
657	230
658	196
659	237
660	226
661	250
662	193
663	241
664	213
665	214
666	222
667	213
668	248
669	207
670	190
671	231
672	199
673	230
674	228
675	207
676	229
677	185
678	189
679	219
680	207
681	220
682	189
683	224
684	172
685	197
686	190
687	201
688	182
689	197
690	174
691	204
692	185
693	212
694	198
695	177
696	181
697	168
698	174
699	163
700	153
701	205
702	153
703	175
704	186
705	185
706	160
707	170
708	170
709	175
710	165
711	183
712	157
713	187
714	150
715	177
716	145
717	152
718	148
719	154
720	158
721	151
722	149
723	142
724	128
725	170
726	148
727	152
728	145
729	123
730	140
731	136
732	138
733	139
734	142
735	131
736	132
737	145
738	125
739	133
740	132
741	137
742	144
743	108
744	149
745	124
746	124
747	147
748	127
749	127
750	104
751	136
752	122
753	110
754	130
755	108
756	111
757	118
758	115
759	126
760	146
761	109
762	117
763	112
764	115
765	117
766	115
767	117
768	103
769	119
770	112
771	103
772	103
773	119
774	103
775	121
776	112
777	73
778	116
779	83
780	92
781	109
782	99
783	97
784	92
785	85
786	97
787	104
788	79
789	102
790	108
791	101
792	81
793	99
794	84
795	99
796	86
797	91
798	81
799	78
800	90
801	93
802	81
803	101
804	80
805	85
806	108
807	75
808	92
809	78
810	85
811	81
812	75
813	56
814	84
815	77
816	81
817	72
818	69
819	78
820	73
821	79
822	63
823	81
824	63
825	56
826	69
827	88
828	65
829	68
830	69
831	54
832	65
833	53
834	54
835	73
836	53
837	65
838	65
839	59
840	62
841	68
842	79
843	63
844	70
845	57
846	63
847	66
848	52
849	69
850	52
851	60
852	57
853	58
854	69
855	30
856	47
857	47
858	50
859	55
860	52
861	64
862	55
863	49
864	52
865	49
866	48
867	54
868	61
869	48
870	45
871	64
872	40
873	52
874	48
875	45
876	35
877	43
878	48
879	50
880	47
881	39
882	50
883	38
884	53
885	29
886	58
887	36
888	34
889	40
890	48
891	46
892	42
893	37
894	37
895	36
896	44
897	32
898	26
899	41
900	42
901	33
902	37
903	26
904	40
905	33
906	38
907	31
908	31
909	35
910	30
911	24
912	33
913	22
914	25
915	26
916	22
917	34
918	26
919	36
920	42
921	23
922	18
923	28
924	23
925	20
926	23
927	32
928	30
929	23
930	24
931	26
932	28
933	34
934	24
935	25
936	31
937	25
938	23
939	23
940	24
941	29
942	25
943	29
944	19
945	19
946	23
947	22
948	16
949	18
950	19
951	25
952	16
953	20
954	18
955	22
956	20
957	18
958	25
959	20
960	17
961	22
962	23
963	21
964	20
965	18
966	21
967	17
968	17
969	9
970	20
971	18
972	20
973	13
974	12
975	13
976	16
977	19
978	10
979	20
980	17
981	17
982	13
983	13
984	11
985	11
986	10
987	24
988	20
989	14
990	24
991	14
992	11
993	13
994	10
995	13
996	10
997	15
998	17
999	11
1000	10
1001	8
1002	8
1003	10
1004	12
1005	17
1006	15
1007	9
1008	10
1009	15
1010	11
1011	16
1012	10
1013	8
1014	10
1015	9
1016	1
1017	14
1018	12
1019	6
1020	6
1021	11
1022	6
1023	5
1024	9
1025	8
1026	3
1027	5
1028	13
1029	6
1030	8
1031	11
1032	11
1033	8
1034	7
1035	7
1036	4
1037	9
1038	5
1039	9
1040	4
1041	5
1042	7
1043	7
1044	4
1045	5
1046	6
1047	5
1048	7
1049	9
1050	5
1051	3
1052	5
1053	10
1054	3
1055	9
1056	7
1057	5
1058	2
1059	4
1060	6
1061	8
1062	8
1063	4
1064	5
1065	4
1066	4
1067	4
1068	2
1069	9
1070	3
1071	3
1072	6
1073	10
1074	2
1075	3
1076	4
1077	2
1078	5
1079	4
1080	6
1081	5
1082	3
1083	3
1084	7
1085	5
1086	2
1087	4
1088	6
1089	4
1090	4
1091	3
1092	3
1093	3
1094	4
1095	2
1096	4
1097	3
1098	2
1099	2
1100	1
1101	2
1102	4
1103	3
1104	7
1106	3
1107	3
1109	4
1110	3
1111	4
1112	3
1113	2
1114	4
1115	3
1116	3
1117	1
1118	3
1119	2
1120	1
1121	3
1122	2
1123	6
1124	1
1125	3
1126	3
1127	1
1128	2
1129	1
1130	2
1132	1
1133	4
1136	2
1137	2
1138	1
1139	2
1140	1
1141	2
1142	3
1144	2
1145	1
1147	2
1148	1
1149	1
1151	1
1155	1
1158	2
1160	1
1161	2
1163	3
1164	1
1165	2
1166	3
1168	2
1171	1
1172	1
1173	1
1174	1
1175	3
1178	2
1179	2
1185	1
1187	1
1188	1
1189	1
1191	2
1192	1
1194	1
1196	1
1198	3
1203	1
1204	2
1205	1
1212	1
1216	2
1219	3
1223	1
1228	1
1230	1
1236	1
1237	1
1242	1
1244	1
1245	1
1246	2
1247	1
1250	1
1264	1
1271	1
1278	1
1287	1
1297	1
1303	1
11424	1
