#Mean	416.324
#Median	372
#Mode	263
#STDev	191.633
#PercentOfPairs	15.769
#InsertSize	Count
24	1
27	2
31	1
32	1
33	1
39	2
40	1
41	1
42	1
43	1
44	1
45	2
46	1
48	2
49	1
50	1
51	1
52	2
54	2
55	3
56	2
57	3
58	5
59	4
60	3
61	6
62	3
63	1
64	1
65	2
66	2
67	5
68	5
69	4
70	2
71	3
72	4
73	5
74	4
75	2
76	1
77	5
78	5
79	3
80	5
82	2
83	3
84	3
85	3
86	6
87	2
88	5
89	2
90	3
91	10
92	1
93	6
94	5
95	8
96	4
97	3
98	8
99	4
100	5
101	4
102	5
103	6
104	6
105	4
106	3
107	9
108	3
109	11
110	4
111	6
112	5
113	10
114	12
115	5
116	8
117	9
118	11
119	5
120	8
121	4
122	11
123	6
124	10
125	14
126	26
127	17
128	27
129	39
130	34
131	54
132	59
133	73
134	69
135	79
136	82
137	108
138	97
139	141
140	174
141	141
142	199
143	224
144	212
145	241
146	295
147	296
148	338
149	369
150	348
151	359
152	404
153	415
154	368
155	411
156	440
157	386
158	437
159	472
160	474
161	535
162	516
163	482
164	544
165	567
166	564
167	603
168	644
169	601
170	589
171	656
172	700
173	624
174	687
175	744
176	754
177	706
178	812
179	773
180	781
181	800
182	779
183	813
184	821
185	833
186	830
187	859
188	881
189	922
190	918
191	953
192	890
193	883
194	918
195	986
196	988
197	957
198	1018
199	997
200	1039
201	1061
202	1101
203	1060
204	1134
205	1010
206	998
207	1054
208	1107
209	1057
210	1110
211	1076
212	1130
213	1105
214	1099
215	1126
216	1078
217	1153
218	1168
219	1120
220	1267
221	1160
222	1124
223	1219
224	1120
225	1178
226	1142
227	1218
228	1166
229	1226
230	1203
231	1124
232	1207
233	1230
234	1213
235	1239
236	1252
237	1256
238	1256
239	1201
240	1181
241	1229
242	1286
243	1234
244	1172
245	1172
246	1259
247	1238
248	1280
249	1229
250	1304
251	1231
252	1273
253	1236
254	1321
255	1293
256	1237
257	1233
258	1300
259	1214
260	1219
261	1296
262	1288
263	1347
264	1261
265	1186
266	1183
267	1267
268	1245
269	1227
270	1261
271	1159
272	1242
273	1335
274	1215
275	1277
276	1250
277	1205
278	1238
279	1151
280	1247
281	1159
282	1186
283	1124
284	1187
285	1222
286	1251
287	1195
288	1187
289	1161
290	1161
291	1213
292	1188
293	1240
294	1194
295	1180
296	1195
297	1142
298	1176
299	1182
300	1185
301	1090
302	1093
303	1194
304	1162
305	1207
306	1124
307	1055
308	1089
309	1151
310	1078
311	1056
312	1124
313	1129
314	1065
315	1115
316	1057
317	1088
318	1108
319	1118
320	1066
321	1138
322	1024
323	1065
324	1020
325	1110
326	1117
327	1035
328	1034
329	1037
330	982
331	1037
332	1103
333	1054
334	1027
335	1041
336	1050
337	1004
338	977
339	1043
340	1035
341	962
342	957
343	1053
344	1014
345	1042
346	934
347	1004
348	1002
349	1012
350	937
351	1027
352	1042
353	901
354	964
355	973
356	944
357	917
358	949
359	920
360	899
361	911
362	935
363	1006
364	934
365	943
366	968
367	992
368	958
369	924
370	950
371	886
372	852
373	833
374	945
375	913
376	879
377	861
378	926
379	908
380	885
381	846
382	894
383	833
384	857
385	860
386	897
387	923
388	879
389	875
390	892
391	830
392	824
393	902
394	856
395	847
396	901
397	824
398	859
399	792
400	811
401	876
402	771
403	734
404	871
405	858
406	793
407	789
408	841
409	807
410	834
411	769
412	840
413	817
414	834
415	853
416	828
417	744
418	812
419	841
420	859
421	824
422	821
423	787
424	837
425	799
426	788
427	826
428	811
429	824
430	805
431	759
432	767
433	791
434	766
435	719
436	719
437	754
438	736
439	725
440	831
441	775
442	740
443	732
444	707
445	687
446	720
447	718
448	742
449	760
450	709
451	724
452	686
453	722
454	745
455	683
456	657
457	664
458	685
459	756
460	674
461	661
462	720
463	649
464	631
465	638
466	658
467	626
468	669
469	652
470	707
471	658
472	680
473	641
474	684
475	691
476	662
477	642
478	620
479	697
480	670
481	640
482	631
483	624
484	595
485	662
486	674
487	633
488	635
489	659
490	589
491	636
492	656
493	617
494	588
495	626
496	590
497	617
498	602
499	623
500	576
501	603
502	614
503	600
504	552
505	607
506	588
507	600
508	548
509	579
510	565
511	555
512	619
513	573
514	545
515	566
516	545
517	578
518	592
519	545
520	587
521	531
522	556
523	552
524	537
525	547
526	581
527	553
528	527
529	564
530	570
531	562
532	542
533	523
534	609
535	570
536	505
537	566
538	552
539	518
540	518
541	521
542	569
543	566
544	509
545	518
546	507
547	515
548	485
549	519
550	533
551	497
552	530
553	522
554	518
555	528
556	461
557	546
558	544
559	510
560	479
561	473
562	500
563	550
564	515
565	490
566	448
567	508
568	480
569	547
570	519
571	493
572	485
573	508
574	497
575	544
576	463
577	464
578	488
579	494
580	494
581	448
582	520
583	414
584	528
585	490
586	446
587	443
588	453
589	487
590	441
591	458
592	486
593	458
594	451
595	475
596	436
597	443
598	449
599	471
600	439
601	461
602	443
603	400
604	476
605	453
606	425
607	440
608	437
609	422
610	435
611	440
612	454
613	442
614	389
615	444
616	418
617	445
618	411
619	406
620	433
621	423
622	447
623	398
624	395
625	413
626	410
627	370
628	403
629	411
630	415
631	424
632	378
633	399
634	405
635	388
636	412
637	394
638	427
639	389
640	365
641	388
642	410
643	399
644	409
645	386
646	349
647	395
648	412
649	356
650	397
651	393
652	410
653	376
654	395
655	394
656	347
657	405
658	387
659	344
660	399
661	378
662	376
663	341
664	386
665	384
666	384
667	349
668	359
669	362
670	388
671	339
672	320
673	389
674	371
675	376
676	322
677	355
678	338
679	363
680	327
681	296
682	317
683	310
684	304
685	312
686	299
687	350
688	320
689	300
690	297
691	323
692	305
693	343
694	329
695	346
696	298
697	294
698	333
699	305
700	320
701	318
702	313
703	310
704	305
705	328
706	272
707	297
708	312
709	311
710	286
711	300
712	293
713	287
714	307
715	295
716	301
717	290
718	318
719	301
720	281
721	266
722	298
723	269
724	287
725	285
726	289
727	274
728	280
729	265
730	261
731	250
732	254
733	266
734	273
735	299
736	243
737	273
738	252
739	262
740	256
741	239
742	257
743	266
744	243
745	253
746	259
747	228
748	229
749	229
750	226
751	272
752	256
753	240
754	230
755	244
756	251
757	233
758	249
759	230
760	229
761	231
762	236
763	230
764	231
765	234
766	219
767	209
768	243
769	222
770	229
771	210
772	206
773	217
774	227
775	228
776	219
777	195
778	210
779	213
780	212
781	208
782	205
783	197
784	208
785	200
786	203
787	173
788	194
789	212
790	211
791	179
792	171
793	191
794	177
795	190
796	197
797	188
798	183
799	168
800	200
801	169
802	185
803	177
804	191
805	162
806	167
807	183
808	198
809	189
810	170
811	178
812	159
813	166
814	155
815	163
816	187
817	173
818	158
819	155
820	166
821	163
822	154
823	163
824	154
825	153
826	160
827	156
828	136
829	147
830	169
831	140
832	160
833	155
834	133
835	150
836	159
837	154
838	143
839	152
840	134
841	121
842	144
843	133
844	143
845	143
846	117
847	139
848	142
849	154
850	152
851	152
852	125
853	127
854	120
855	115
856	130
857	105
858	124
859	120
860	102
861	145
862	108
863	126
864	112
865	120
866	115
867	102
868	121
869	119
870	111
871	112
872	124
873	104
874	121
875	113
876	76
877	90
878	118
879	104
880	99
881	86
882	85
883	102
884	93
885	113
886	95
887	91
888	98
889	90
890	90
891	103
892	91
893	80
894	77
895	92
896	90
897	95
898	76
899	80
900	101
901	93
902	78
903	74
904	84
905	99
906	87
907	88
908	77
909	90
910	72
911	82
912	88
913	73
914	81
915	92
916	67
917	68
918	70
919	59
920	68
921	80
922	81
923	74
924	69
925	74
926	70
927	62
928	68
929	53
930	53
931	72
932	68
933	70
934	58
935	73
936	56
937	49
938	62
939	57
940	65
941	60
942	65
943	64
944	66
945	62
946	47
947	48
948	53
949	62
950	51
951	61
952	53
953	40
954	40
955	48
956	48
957	48
958	38
959	40
960	53
961	38
962	42
963	47
964	33
965	53
966	43
967	48
968	39
969	40
970	34
971	33
972	45
973	38
974	34
975	31
976	34
977	37
978	35
979	29
980	31
981	52
982	43
983	34
984	33
985	30
986	41
987	34
988	28
989	39
990	24
991	32
992	41
993	30
994	40
995	32
996	23
997	28
998	25
999	28
1000	37
1001	41
1002	28
1003	23
1004	22
1005	28
1006	34
1007	28
1008	24
1009	30
1010	31
1011	33
1012	31
1013	28
1014	24
1015	26
1016	27
1017	42
1018	23
1019	22
1020	22
1021	20
1022	17
1023	23
1024	18
1025	22
1026	16
1027	14
1028	21
1029	33
1030	21
1031	20
1032	22
1033	20
1034	24
1035	19
1036	27
1037	22
1038	10
1039	25
1040	14
1041	15
1042	14
1043	15
1044	10
1045	23
1046	16
1047	18
1048	23
1049	12
1050	27
1051	20
1052	17
1053	16
1054	17
1055	14
1056	15
1057	13
1058	11
1059	18
1060	15
1061	18
1062	16
1063	14
1064	14
1065	17
1066	9
1067	11
1068	8
1069	14
1070	14
1071	10
1072	11
1073	10
1074	10
1075	6
1076	8
1077	10
1078	9
1079	11
1080	17
1081	7
1082	17
1083	11
1084	5
1085	11
1086	9
1087	14
1088	9
1089	3
1090	6
1091	8
1092	18
1093	6
1094	8
1095	8
1096	1
1097	8
1098	2
1099	8
1100	12
1101	5
1102	7
1103	5
1104	5
1105	4
1106	3
1107	8
1108	7
1109	6
1110	11
1111	8
1112	4
1113	2
1114	9
1115	3
1116	9
1117	6
1118	3
1119	10
1120	5
1121	1
1122	2
1123	8
1124	4
1125	4
1126	10
1127	3
1128	5
1129	5
1130	5
1131	10
1132	3
1133	3
1134	3
1135	8
1136	7
1137	5
1138	7
1139	5
1140	6
1141	6
1143	3
1144	3
1145	4
1146	5
1147	2
1148	7
1149	6
1150	4
1151	3
1152	6
1153	1
1154	3
1155	4
1156	4
1157	4
1158	4
1159	3
1160	6
1161	12
1162	3
1164	1
1165	5
1166	2
1167	2
1169	1
1170	3
1171	4
1172	5
1173	3
1174	2
1175	3
1176	1
1177	2
1178	1
1179	2
1180	5
1181	3
1182	1
1183	4
1184	3
1185	1
1186	2
1187	2
1188	1
1191	1
1192	1
1193	2
1194	2
1195	3
1196	2
1197	1
1198	1
1199	2
1200	1
1201	1
1202	3
1203	2
1204	3
1205	3
1206	3
1207	2
1208	5
1209	2
1211	1
1212	1
1213	2
1215	2
1216	1
1217	1
1219	1
1220	3
1223	2
1224	1
1226	1
1227	2
1228	1
1229	1
1230	1
1232	3
1233	2
1234	2
1238	1
1239	3
1240	1
1246	1
1249	1
1250	1
1251	1
1258	1
1259	1
1261	1
1262	1
1267	1
1269	1
1280	1
1282	1
1285	1
1293	1
1297	1
1313	1
1320	1
1321	1
1327	1
1328	1
1363	1
1384	1
1919	1
2764	1
3747	1
14052	1
