#Mean	415.356
#Median	373
#Mode	267
#STDev	191.765
#PercentOfPairs	74.922
#InsertSize	Count
1	2
6	1
10	2
12	2
16	1
19	1
20	2
28	3
30	3
31	1
33	2
34	1
35	1
36	4
37	4
38	3
39	1
40	4
41	2
42	3
43	3
44	13
45	2
46	9
47	8
48	7
49	13
50	13
51	9
52	14
53	15
54	15
55	17
56	17
57	20
58	17
59	13
60	18
61	17
62	20
63	17
64	16
65	9
66	18
67	15
68	15
69	16
70	19
71	16
72	21
73	14
74	13
75	17
76	19
77	29
78	18
79	22
80	19
81	23
82	27
83	20
84	19
85	31
86	21
87	24
88	27
89	27
90	24
91	23
92	35
93	28
94	26
95	31
96	28
97	18
98	40
99	29
100	16
101	33
102	24
103	36
104	39
105	55
106	43
107	58
108	42
109	35
110	37
111	50
112	41
113	28
114	45
115	34
116	43
117	51
118	41
119	43
120	62
121	58
122	64
123	63
124	65
125	79
126	101
127	106
128	170
129	195
130	183
131	249
132	257
133	281
134	414
135	414
136	416
137	533
138	539
139	616
140	723
141	750
142	802
143	1026
144	1112
145	1157
146	1189
147	1362
148	1510
149	1610
150	1652
151	1737
152	1743
153	1894
154	1925
155	2017
156	2053
157	2060
158	2141
159	2236
160	2334
161	2266
162	2418
163	2421
164	2562
165	2682
166	2773
167	2790
168	2751
169	2993
170	2968
171	2914
172	3156
173	3125
174	3271
175	3228
176	3257
177	3348
178	3371
179	3540
180	3568
181	3727
182	3688
183	3826
184	3938
185	3937
186	3923
187	4054
188	4089
189	4130
190	4312
191	4421
192	4209
193	4526
194	4365
195	4367
196	4600
197	4548
198	4627
199	4767
200	4627
201	4858
202	4800
203	4681
204	4730
205	4970
206	4956
207	5063
208	4991
209	5131
210	4999
211	5202
212	5158
213	5218
214	5200
215	5126
216	5358
217	5396
218	5290
219	5514
220	5380
221	5481
222	5654
223	5431
224	5500
225	5644
226	5623
227	5570
228	5773
229	5624
230	5739
231	5714
232	5694
233	5778
234	5823
235	5715
236	5851
237	5751
238	5782
239	5737
240	5723
241	5704
242	5891
243	5827
244	5967
245	5890
246	5791
247	5864
248	6017
249	5784
250	5861
251	5959
252	5944
253	5727
254	5980
255	5840
256	5847
257	5942
258	5986
259	5829
260	5971
261	5886
262	5766
263	5820
264	5913
265	5817
266	5892
267	6032
268	5797
269	5911
270	5923
271	5879
272	5978
273	5897
274	5947
275	5786
276	5946
277	5866
278	5878
279	5818
280	5918
281	5707
282	5607
283	5712
284	5766
285	5790
286	5730
287	5851
288	5566
289	5591
290	5666
291	5659
292	5649
293	5622
294	5566
295	5654
296	5610
297	5570
298	5469
299	5528
300	5623
301	5506
302	5330
303	5362
304	5420
305	5289
306	5415
307	5312
308	5432
309	5433
310	5295
311	5254
312	5412
313	5201
314	5355
315	5207
316	5389
317	5247
318	5268
319	5187
320	5185
321	5271
322	5102
323	5177
324	5190
325	5110
326	5194
327	4926
328	5224
329	4994
330	4889
331	4928
332	5062
333	5016
334	5048
335	5107
336	4968
337	4787
338	4826
339	4863
340	4866
341	4721
342	4887
343	4768
344	4761
345	4662
346	4696
347	4712
348	4735
349	4721
350	4724
351	4725
352	4709
353	4816
354	4713
355	4533
356	4641
357	4638
358	4572
359	4513
360	4644
361	4569
362	4555
363	4488
364	4533
365	4337
366	4463
367	4437
368	4467
369	4391
370	4442
371	4483
372	4368
373	4309
374	4438
375	4284
376	4333
377	4324
378	4244
379	4388
380	4216
381	4263
382	4173
383	4175
384	4226
385	4226
386	4057
387	4191
388	4061
389	4176
390	4192
391	4037
392	4041
393	4178
394	4002
395	4020
396	4046
397	4007
398	4087
399	4007
400	4151
401	4045
402	3981
403	3942
404	3914
405	3970
406	4071
407	3926
408	3848
409	3922
410	3860
411	3936
412	3917
413	3961
414	3893
415	3774
416	3751
417	3682
418	3808
419	3578
420	3710
421	3694
422	3789
423	3672
424	3774
425	3735
426	3692
427	3644
428	3655
429	3521
430	3506
431	3529
432	3510
433	3655
434	3658
435	3693
436	3513
437	3560
438	3598
439	3343
440	3460
441	3568
442	3429
443	3422
444	3506
445	3465
446	3559
447	3500
448	3405
449	3481
450	3446
451	3504
452	3581
453	3553
454	3414
455	3368
456	3465
457	3404
458	3357
459	3433
460	3319
461	3423
462	3336
463	3472
464	3452
465	3314
466	3264
467	3321
468	3313
469	3217
470	3154
471	3191
472	3224
473	3216
474	3090
475	3202
476	3194
477	3167
478	3215
479	3188
480	3172
481	3065
482	3167
483	3176
484	3236
485	3228
486	3056
487	3038
488	3132
489	3085
490	3175
491	3074
492	3003
493	3108
494	2998
495	2877
496	2990
497	2952
498	3055
499	2995
500	2982
501	2892
502	2885
503	2882
504	2918
505	2929
506	2938
507	2944
508	2863
509	2878
510	2735
511	2960
512	2773
513	2890
514	2817
515	2866
516	2767
517	2796
518	2699
519	2725
520	2741
521	2748
522	2632
523	2709
524	2563
525	2693
526	2687
527	2680
528	2731
529	2683
530	2693
531	2666
532	2623
533	2663
534	2689
535	2716
536	2646
537	2660
538	2660
539	2735
540	2630
541	2690
542	2622
543	2627
544	2634
545	2579
546	2599
547	2580
548	2610
549	2607
550	2581
551	2471
552	2484
553	2510
554	2408
555	2516
556	2480
557	2456
558	2560
559	2514
560	2605
561	2459
562	2492
563	2426
564	2491
565	2487
566	2471
567	2391
568	2443
569	2380
570	2388
571	2447
572	2306
573	2380
574	2393
575	2253
576	2350
577	2454
578	2401
579	2307
580	2328
581	2254
582	2276
583	2292
584	2297
585	2260
586	2273
587	2223
588	2307
589	2253
590	2189
591	2160
592	2262
593	2234
594	2261
595	2122
596	2295
597	2130
598	2128
599	2161
600	2140
601	2239
602	2167
603	2085
604	2119
605	2091
606	2051
607	2104
608	2101
609	2139
610	2086
611	2092
612	2118
613	2044
614	2041
615	2136
616	2118
617	2015
618	2127
619	2006
620	1979
621	2111
622	1994
623	2027
624	2045
625	1966
626	1974
627	2034
628	1927
629	1969
630	1926
631	1968
632	1953
633	1988
634	2016
635	1956
636	1922
637	1877
638	1879
639	1994
640	1927
641	1856
642	1842
643	1894
644	1827
645	1870
646	1853
647	1890
648	1805
649	1876
650	1737
651	1831
652	1831
653	1854
654	1705
655	1759
656	1813
657	1801
658	1750
659	1668
660	1759
661	1742
662	1690
663	1699
664	1749
665	1686
666	1632
667	1636
668	1703
669	1709
670	1697
671	1725
672	1638
673	1747
674	1703
675	1660
676	1548
677	1599
678	1590
679	1645
680	1590
681	1648
682	1589
683	1588
684	1617
685	1578
686	1712
687	1609
688	1607
689	1615
690	1549
691	1510
692	1655
693	1568
694	1553
695	1478
696	1506
697	1553
698	1500
699	1506
700	1513
701	1423
702	1487
703	1580
704	1463
705	1337
706	1426
707	1364
708	1446
709	1477
710	1397
711	1485
712	1426
713	1393
714	1441
715	1398
716	1331
717	1444
718	1402
719	1387
720	1283
721	1338
722	1324
723	1327
724	1304
725	1245
726	1291
727	1322
728	1283
729	1275
730	1206
731	1240
732	1264
733	1327
734	1296
735	1225
736	1205
737	1225
738	1283
739	1273
740	1244
741	1203
742	1177
743	1139
744	1138
745	1230
746	1161
747	1151
748	1169
749	1140
750	1170
751	1149
752	1165
753	1046
754	1118
755	1148
756	1115
757	1045
758	1112
759	1107
760	1177
761	1016
762	1090
763	1152
764	1106
765	1062
766	1049
767	1029
768	1060
769	1057
770	1054
771	1021
772	1012
773	1040
774	987
775	994
776	907
777	974
778	998
779	951
780	993
781	960
782	947
783	926
784	868
785	867
786	883
787	891
788	906
789	917
790	861
791	880
792	935
793	899
794	896
795	877
796	879
797	879
798	863
799	820
800	813
801	787
802	845
803	775
804	796
805	783
806	814
807	827
808	790
809	754
810	801
811	786
812	808
813	798
814	754
815	783
816	782
817	757
818	774
819	749
820	746
821	769
822	748
823	676
824	738
825	754
826	703
827	706
828	712
829	730
830	698
831	688
832	662
833	716
834	638
835	679
836	607
837	664
838	601
839	628
840	643
841	631
842	566
843	606
844	647
845	616
846	651
847	591
848	617
849	549
850	616
851	592
852	569
853	617
854	565
855	522
856	566
857	498
858	530
859	509
860	609
861	551
862	487
863	507
864	535
865	503
866	474
867	522
868	521
869	545
870	493
871	501
872	486
873	480
874	472
875	474
876	486
877	479
878	467
879	470
880	471
881	453
882	463
883	477
884	440
885	400
886	432
887	415
888	433
889	420
890	428
891	393
892	410
893	396
894	392
895	392
896	347
897	353
898	373
899	368
900	364
901	390
902	383
903	352
904	338
905	350
906	316
907	323
908	328
909	340
910	314
911	368
912	321
913	362
914	342
915	307
916	334
917	300
918	336
919	294
920	297
921	296
922	322
923	279
924	302
925	329
926	319
927	293
928	264
929	278
930	258
931	246
932	284
933	222
934	247
935	270
936	275
937	287
938	240
939	219
940	230
941	231
942	228
943	231
944	250
945	225
946	209
947	215
948	228
949	221
950	208
951	242
952	198
953	229
954	192
955	194
956	201
957	210
958	197
959	200
960	214
961	177
962	193
963	197
964	176
965	195
966	173
967	202
968	173
969	193
970	166
971	159
972	178
973	180
974	169
975	137
976	171
977	173
978	168
979	161
980	158
981	167
982	161
983	164
984	156
985	147
986	149
987	145
988	163
989	155
990	151
991	133
992	152
993	141
994	148
995	134
996	126
997	138
998	112
999	129
1000	141
1001	129
1002	129
1003	136
1004	105
1005	113
1006	102
1007	108
1008	105
1009	122
1010	109
1011	111
1012	105
1013	107
1014	97
1015	92
1016	101
1017	109
1018	108
1019	94
1020	82
1021	99
1022	111
1023	80
1024	88
1025	91
1026	84
1027	87
1028	84
1029	79
1030	110
1031	91
1032	76
1033	94
1034	72
1035	65
1036	83
1037	74
1038	72
1039	92
1040	67
1041	65
1042	57
1043	57
1044	76
1045	74
1046	73
1047	59
1048	60
1049	67
1050	50
1051	65
1052	72
1053	68
1054	65
1055	56
1056	45
1057	60
1058	57
1059	51
1060	57
1061	57
1062	52
1063	39
1064	52
1065	58
1066	47
1067	49
1068	41
1069	60
1070	42
1071	57
1072	40
1073	43
1074	38
1075	35
1076	40
1077	54
1078	51
1079	46
1080	34
1081	37
1082	52
1083	32
1084	33
1085	51
1086	47
1087	32
1088	31
1089	33
1090	20
1091	36
1092	43
1093	35
1094	39
1095	42
1096	28
1097	43
1098	32
1099	27
1100	27
1101	34
1102	31
1103	24
1104	35
1105	32
1106	31
1107	28
1108	33
1109	27
1110	28
1111	19
1112	17
1113	26
1114	27
1115	23
1116	22
1117	16
1118	15
1119	29
1120	26
1121	23
1122	23
1123	15
1124	18
1125	16
1126	28
1127	14
1128	10
1129	21
1130	18
1131	17
1132	15
1133	30
1134	24
1135	16
1136	17
1137	16
1138	18
1139	12
1140	18
1141	21
1142	18
1143	16
1144	16
1145	9
1146	18
1147	16
1148	11
1149	11
1150	11
1151	13
1152	11
1153	20
1154	21
1155	11
1156	11
1157	14
1158	9
1159	16
1160	11
1161	7
1162	7
1163	9
1164	8
1165	11
1166	12
1167	7
1168	7
1169	12
1170	7
1171	11
1172	7
1173	18
1174	4
1175	9
1176	6
1177	10
1178	6
1179	6
1180	4
1181	8
1182	9
1183	6
1184	6
1185	7
1186	5
1187	10
1188	13
1189	4
1190	8
1191	9
1192	10
1193	2
1194	8
1195	9
1196	1
1197	5
1198	5
1199	2
1200	2
1201	5
1202	4
1203	4
1204	1
1205	6
1206	4
1207	3
1208	9
1209	6
1210	5
1211	8
1212	6
1213	6
1214	3
1215	5
1216	2
1217	5
1218	2
1219	3
1220	4
1221	2
1222	3
1223	8
1224	6
1225	6
1226	4
1228	2
1229	6
1230	2
1231	5
1232	7
1233	1
1234	3
1235	4
1236	5
1237	1
1238	3
1239	2
1240	1
1241	2
1242	6
1244	2
1245	1
1247	3
1248	3
1249	1
1251	4
1252	1
1253	1
1254	2
1256	1
1260	1
1261	2
1263	1
1264	1
1266	2
1267	2
1268	2
1269	4
1270	2
1273	1
1275	2
1277	1
1279	3
1280	2
1283	1
1284	2
1285	1
1286	1
1289	1
1292	3
1293	1
1294	1
1295	1
1296	1
1299	2
1301	1
1305	1
1306	2
1310	1
1311	1
1312	1
1316	2
1328	1
1331	1
1332	1
1333	1
1350	1
1369	1
1373	1
1398	1
3078	1
3790	1
10017	1
15174	1
16322	1
20046	1
24437	1
24819	1
25407	1
27449	1
