#Mean	422.242
#Median	378
#Mode	252
#STDev	202.221
#PercentOfPairs	4.832
#InsertSize	Count
12	1
34	1
41	1
43	1
46	1
47	1
49	1
52	1
54	1
55	2
56	1
58	2
61	1
62	1
64	1
68	3
69	1
70	1
71	3
73	3
74	1
75	1
77	2
78	1
79	1
80	2
81	1
82	2
83	1
84	3
86	1
87	2
88	3
89	5
90	1
92	3
93	1
94	2
95	1
96	1
97	4
98	3
99	3
100	1
101	1
102	3
103	5
104	1
105	4
106	5
107	2
108	3
109	4
110	4
111	2
112	1
113	3
114	2
116	2
117	3
118	2
119	3
120	3
121	4
122	5
123	7
124	1
125	3
126	6
127	7
128	14
129	11
130	7
131	14
132	9
133	19
134	24
135	24
136	22
137	26
138	21
139	30
140	45
141	59
142	59
143	56
144	60
145	66
146	77
147	82
148	75
149	85
150	107
151	110
152	110
153	128
154	121
155	118
156	145
157	133
158	112
159	135
160	117
161	137
162	125
163	165
164	125
165	163
166	158
167	172
168	191
169	185
170	170
171	192
172	206
173	199
174	207
175	208
176	221
177	202
178	208
179	254
180	233
181	232
182	230
183	227
184	235
185	223
186	266
187	258
188	252
189	253
190	230
191	280
192	249
193	269
194	292
195	264
196	303
197	281
198	318
199	285
200	326
201	308
202	291
203	286
204	274
205	300
206	315
207	320
208	302
209	316
210	292
211	354
212	320
213	337
214	307
215	338
216	319
217	340
218	323
219	312
220	338
221	353
222	385
223	318
224	362
225	355
226	283
227	327
228	320
229	341
230	357
231	373
232	353
233	389
234	369
235	346
236	357
237	356
238	371
239	401
240	400
241	382
242	359
243	361
244	369
245	385
246	372
247	378
248	393
249	309
250	357
251	382
252	447
253	382
254	383
255	376
256	396
257	389
258	365
259	395
260	358
261	378
262	362
263	362
264	380
265	416
266	392
267	366
268	386
269	418
270	380
271	357
272	407
273	395
274	364
275	334
276	366
277	368
278	390
279	391
280	373
281	368
282	358
283	420
284	357
285	342
286	366
287	356
288	335
289	375
290	367
291	340
292	345
293	371
294	367
295	367
296	348
297	334
298	348
299	328
300	342
301	335
302	370
303	346
304	377
305	360
306	354
307	355
308	344
309	345
310	331
311	324
312	335
313	346
314	350
315	330
316	374
317	315
318	340
319	340
320	336
321	300
322	307
323	298
324	351
325	329
326	336
327	299
328	329
329	313
330	320
331	308
332	309
333	322
334	305
335	337
336	333
337	327
338	317
339	265
340	316
341	368
342	333
343	271
344	316
345	320
346	258
347	310
348	269
349	279
350	319
351	314
352	280
353	330
354	343
355	273
356	279
357	324
358	267
359	267
360	291
361	317
362	290
363	289
364	311
365	249
366	295
367	275
368	292
369	276
370	248
371	283
372	265
373	310
374	301
375	299
376	246
377	318
378	283
379	306
380	290
381	311
382	264
383	288
384	265
385	229
386	255
387	255
388	271
389	264
390	295
391	253
392	259
393	254
394	280
395	243
396	271
397	279
398	295
399	222
400	265
401	267
402	249
403	249
404	266
405	256
406	223
407	256
408	265
409	228
410	239
411	209
412	238
413	251
414	240
415	260
416	248
417	217
418	252
419	245
420	234
421	226
422	215
423	264
424	230
425	238
426	227
427	276
428	259
429	220
430	248
431	212
432	192
433	227
434	211
435	233
436	231
437	210
438	235
439	236
440	215
441	218
442	224
443	209
444	238
445	234
446	231
447	252
448	222
449	203
450	231
451	231
452	231
453	243
454	228
455	208
456	177
457	226
458	229
459	206
460	202
461	194
462	203
463	195
464	236
465	205
466	205
467	201
468	215
469	210
470	172
471	212
472	206
473	232
474	194
475	213
476	191
477	213
478	213
479	198
480	234
481	231
482	191
483	222
484	183
485	189
486	172
487	178
488	159
489	176
490	185
491	198
492	190
493	178
494	162
495	212
496	184
497	176
498	207
499	187
500	184
501	192
502	198
503	200
504	191
505	185
506	184
507	195
508	174
509	191
510	187
511	176
512	151
513	194
514	191
515	187
516	216
517	192
518	145
519	148
520	167
521	192
522	187
523	178
524	191
525	180
526	167
527	196
528	161
529	176
530	174
531	154
532	168
533	187
534	171
535	172
536	136
537	175
538	147
539	173
540	163
541	182
542	184
543	192
544	175
545	170
546	169
547	172
548	176
549	158
550	163
551	162
552	157
553	174
554	162
555	166
556	148
557	140
558	147
559	168
560	163
561	140
562	155
563	139
564	143
565	153
566	151
567	144
568	134
569	141
570	125
571	167
572	176
573	132
574	137
575	161
576	140
577	176
578	156
579	139
580	166
581	135
582	162
583	130
584	161
585	172
586	131
587	137
588	140
589	148
590	135
591	155
592	145
593	136
594	138
595	172
596	169
597	139
598	128
599	140
600	133
601	114
602	148
603	149
604	131
605	155
606	170
607	138
608	144
609	135
610	129
611	138
612	152
613	145
614	136
615	119
616	123
617	140
618	153
619	140
620	138
621	99
622	107
623	135
624	100
625	122
626	116
627	126
628	141
629	139
630	136
631	119
632	141
633	121
634	128
635	113
636	140
637	120
638	141
639	138
640	142
641	127
642	112
643	115
644	131
645	108
646	114
647	112
648	136
649	141
650	109
651	117
652	98
653	122
654	134
655	98
656	114
657	118
658	113
659	106
660	95
661	109
662	109
663	123
664	119
665	112
666	120
667	111
668	109
669	110
670	99
671	112
672	94
673	134
674	116
675	116
676	107
677	112
678	108
679	123
680	125
681	109
682	96
683	112
684	115
685	125
686	105
687	129
688	98
689	106
690	108
691	92
692	94
693	112
694	122
695	117
696	101
697	112
698	114
699	104
700	94
701	102
702	94
703	92
704	101
705	79
706	85
707	101
708	81
709	108
710	86
711	100
712	81
713	92
714	113
715	85
716	89
717	107
718	84
719	85
720	96
721	99
722	78
723	96
724	80
725	90
726	90
727	78
728	93
729	105
730	79
731	89
732	71
733	88
734	85
735	86
736	75
737	79
738	84
739	96
740	82
741	86
742	80
743	84
744	84
745	90
746	82
747	75
748	81
749	79
750	86
751	69
752	85
753	84
754	66
755	69
756	73
757	71
758	66
759	64
760	78
761	81
762	75
763	86
764	71
765	59
766	68
767	90
768	82
769	76
770	68
771	82
772	83
773	70
774	55
775	65
776	74
777	54
778	76
779	54
780	59
781	68
782	78
783	62
784	61
785	70
786	58
787	49
788	58
789	55
790	51
791	71
792	78
793	66
794	76
795	51
796	68
797	59
798	75
799	66
800	68
801	75
802	57
803	51
804	52
805	67
806	47
807	55
808	53
809	68
810	61
811	57
812	69
813	44
814	70
815	57
816	54
817	49
818	62
819	58
820	53
821	55
822	55
823	54
824	51
825	49
826	49
827	38
828	48
829	40
830	58
831	45
832	52
833	49
834	60
835	50
836	42
837	33
838	43
839	41
840	34
841	44
842	40
843	60
844	39
845	53
846	33
847	57
848	57
849	45
850	40
851	41
852	51
853	34
854	50
855	37
856	37
857	36
858	44
859	45
860	41
861	40
862	50
863	42
864	41
865	36
866	42
867	45
868	39
869	38
870	31
871	38
872	36
873	32
874	50
875	38
876	34
877	36
878	41
879	33
880	29
881	33
882	41
883	34
884	31
885	34
886	38
887	40
888	35
889	42
890	36
891	28
892	28
893	30
894	27
895	29
896	28
897	32
898	31
899	30
900	22
901	21
902	38
903	26
904	28
905	29
906	20
907	25
908	30
909	24
910	33
911	26
912	24
913	23
914	17
915	36
916	30
917	23
918	26
919	26
920	24
921	25
922	26
923	23
924	32
925	19
926	25
927	15
928	27
929	24
930	15
931	25
932	16
933	17
934	18
935	18
936	14
937	18
938	24
939	26
940	21
941	9
942	15
943	16
944	16
945	18
946	23
947	13
948	23
949	17
950	19
951	19
952	21
953	16
954	16
955	15
956	19
957	23
958	14
959	9
960	18
961	18
962	15
963	12
964	16
965	13
966	10
967	10
968	10
969	11
970	16
971	14
972	17
973	16
974	9
975	15
976	9
977	15
978	15
979	23
980	10
981	13
982	17
983	6
984	10
985	10
986	12
987	10
988	11
989	8
990	7
991	9
992	12
993	13
994	12
995	10
996	7
997	17
998	11
999	11
1000	11
1001	3
1002	7
1003	15
1004	15
1005	4
1006	12
1007	6
1008	5
1009	14
1010	8
1011	8
1012	8
1013	12
1014	9
1015	5
1016	7
1017	6
1018	8
1019	8
1020	7
1021	10
1022	15
1023	6
1024	14
1025	7
1026	10
1027	10
1028	12
1029	3
1030	6
1031	11
1032	4
1033	13
1034	8
1035	6
1036	4
1037	2
1038	8
1039	3
1040	7
1041	8
1042	7
1043	8
1044	2
1045	5
1046	5
1047	8
1048	4
1049	3
1050	1
1051	3
1052	3
1053	6
1054	8
1055	6
1056	5
1057	4
1058	4
1059	7
1060	6
1061	6
1062	3
1063	1
1064	5
1065	5
1066	3
1067	2
1068	3
1069	3
1070	6
1072	3
1073	3
1074	4
1075	6
1076	4
1077	1
1078	3
1079	9
1080	3
1081	2
1082	1
1083	3
1084	2
1085	8
1086	2
1087	6
1088	2
1089	4
1090	3
1091	2
1092	6
1093	4
1094	4
1095	4
1096	1
1097	1
1099	4
1100	5
1101	4
1102	1
1103	5
1104	2
1106	1
1107	1
1108	2
1109	3
1110	1
1111	4
1113	3
1114	2
1115	2
1116	1
1118	2
1119	1
1120	2
1121	5
1122	5
1124	1
1126	1
1127	1
1128	1
1129	1
1130	2
1131	4
1132	1
1134	2
1135	1
1136	2
1137	2
1139	1
1140	2
1141	4
1142	1
1144	1
1146	1
1148	2
1149	1
1150	6
1151	1
1155	2
1156	2
1160	2
1162	1
1163	2
1164	1
1165	1
1167	1
1169	1
1170	1
1172	2
1174	1
1183	1
1187	1
1188	2
1189	1
1190	1
1192	3
1201	1
1204	1
1215	1
1218	1
1221	1
1222	1
1232	1
1239	1
1241	1
1254	1
1284	1
1285	1
1287	1
1348	1
23794	1
