#Mean	308.712
#Median	288
#Mode	264
#STDev	105.354
#PercentOfPairs	78.425
#InsertSize	Count
3	1
11	1
24	1
25	1
28	2
31	1
32	1
33	1
35	1
36	2
37	1
38	2
39	4
40	4
42	2
43	2
44	2
45	2
46	3
47	3
48	6
49	5
50	2
51	3
52	7
53	8
54	6
55	1
56	9
57	3
58	2
59	6
60	6
61	3
62	8
63	4
64	4
66	13
67	3
68	5
69	12
70	9
71	9
72	4
73	13
74	13
75	9
76	6
77	7
78	10
79	6
80	13
81	19
82	4
83	9
84	12
85	9
86	12
87	6
88	8
89	11
90	18
91	7
92	15
93	14
94	14
95	17
96	18
97	12
98	14
99	8
100	5
101	10
102	10
103	13
104	14
105	25
106	16
107	13
108	15
109	18
110	15
111	16
112	18
113	12
114	20
115	13
116	18
117	16
118	22
119	24
120	23
121	26
122	19
123	27
124	24
125	31
126	39
127	69
128	89
129	83
130	92
131	105
132	124
133	141
134	158
135	177
136	200
137	215
138	234
139	283
140	313
141	344
142	377
143	457
144	546
145	641
146	618
147	649
148	735
149	860
150	826
151	975
152	991
153	1013
154	1139
155	1130
156	1107
157	1233
158	1290
159	1365
160	1456
161	1477
162	1577
163	1661
164	1720
165	1775
166	1842
167	1987
168	2104
169	2131
170	2264
171	2388
172	2385
173	2618
174	2776
175	2916
176	2921
177	3004
178	3122
179	3286
180	3323
181	3576
182	3641
183	3770
184	3906
185	4105
186	4216
187	4461
188	4529
189	4687
190	4898
191	4884
192	5100
193	5306
194	5516
195	5709
196	5827
197	5953
198	6019
199	6286
200	6545
201	6693
202	6911
203	7041
204	7216
205	7212
206	7608
207	7745
208	7888
209	7971
210	8195
211	8594
212	8738
213	8728
214	8911
215	9226
216	9451
217	9363
218	9586
219	10045
220	10021
221	10104
222	10400
223	10309
224	10625
225	10868
226	10993
227	11151
228	11561
229	11523
230	11672
231	11831
232	11708
233	12115
234	12196
235	12371
236	12335
237	12526
238	12733
239	12543
240	12958
241	13030
242	13027
243	13233
244	13229
245	13403
246	13402
247	13528
248	13855
249	14101
250	13574
251	13894
252	14078
253	13828
254	13914
255	13933
256	13846
257	14027
258	13800
259	13980
260	14148
261	14010
262	14064
263	14052
264	14167
265	14148
266	13973
267	13880
268	13860
269	13977
270	13896
271	13936
272	13925
273	13733
274	13628
275	13723
276	13610
277	13495
278	13272
279	13467
280	13402
281	13277
282	13230
283	13110
284	13155
285	13069
286	12787
287	12883
288	12677
289	12577
290	12449
291	12363
292	12395
293	12249
294	12350
295	12108
296	12082
297	11877
298	11671
299	11629
300	11653
301	11675
302	11487
303	11319
304	11392
305	11154
306	11305
307	10977
308	10948
309	10788
310	10644
311	10515
312	10454
313	10286
314	10119
315	10346
316	10140
317	10008
318	9786
319	9721
320	9616
321	9617
322	9551
323	9475
324	9320
325	9197
326	9294
327	9032
328	8969
329	8950
330	8852
331	8725
332	8536
333	8561
334	8395
335	8287
336	8140
337	8140
338	7910
339	7877
340	7805
341	7762
342	7715
343	7570
344	7684
345	7459
346	7378
347	7289
348	7178
349	7235
350	7175
351	6975
352	6863
353	6668
354	6831
355	6562
356	6473
357	6447
358	6405
359	6472
360	6341
361	6286
362	6089
363	6141
364	5937
365	5990
366	5889
367	5961
368	5666
369	5639
370	5471
371	5613
372	5497
373	5569
374	5405
375	5206
376	5291
377	5216
378	5053
379	4943
380	5039
381	4737
382	4806
383	4864
384	4729
385	4693
386	4728
387	4619
388	4392
389	4376
390	4401
391	4443
392	4314
393	4207
394	4172
395	4138
396	4144
397	4060
398	4029
399	3943
400	4059
401	3816
402	3823
403	3794
404	3579
405	3565
406	3713
407	3570
408	3553
409	3469
410	3406
411	3431
412	3309
413	3391
414	3246
415	3291
416	3202
417	3128
418	3040
419	3140
420	3038
421	3086
422	3022
423	2950
424	2925
425	2959
426	2870
427	2702
428	2869
429	2796
430	2658
431	2803
432	2678
433	2653
434	2611
435	2607
436	2730
437	2492
438	2546
439	2361
440	2479
441	2310
442	2387
443	2320
444	2351
445	2253
446	2233
447	2275
448	2217
449	2167
450	2131
451	2193
452	2144
453	2073
454	2007
455	2008
456	2024
457	1998
458	2022
459	1973
460	1946
461	1899
462	1832
463	1861
464	1799
465	1859
466	1715
467	1700
468	1706
469	1712
470	1669
471	1704
472	1734
473	1640
474	1559
475	1586
476	1517
477	1580
478	1517
479	1475
480	1502
481	1444
482	1441
483	1432
484	1410
485	1397
486	1376
487	1370
488	1335
489	1332
490	1398
491	1305
492	1209
493	1255
494	1284
495	1241
496	1198
497	1210
498	1231
499	1146
500	1140
501	1150
502	1120
503	1137
504	1137
505	1085
506	1152
507	1129
508	1044
509	1017
510	1052
511	1006
512	1004
513	1004
514	957
515	967
516	939
517	939
518	986
519	912
520	933
521	916
522	906
523	861
524	915
525	914
526	876
527	858
528	878
529	827
530	824
531	820
532	802
533	821
534	786
535	812
536	779
537	790
538	802
539	747
540	722
541	735
542	706
543	704
544	706
545	644
546	700
547	672
548	666
549	647
550	650
551	613
552	647
553	598
554	640
555	591
556	589
557	632
558	596
559	585
560	606
561	590
562	589
563	600
564	613
565	504
566	596
567	546
568	526
569	541
570	531
571	563
572	492
573	493
574	493
575	501
576	511
577	495
578	481
579	459
580	494
581	448
582	481
583	459
584	422
585	488
586	482
587	407
588	424
589	423
590	439
591	432
592	420
593	410
594	383
595	389
596	368
597	367
598	380
599	368
600	368
601	360
602	366
603	388
604	368
605	376
606	358
607	339
608	348
609	344
610	347
611	351
612	347
613	354
614	323
615	343
616	307
617	316
618	321
619	303
620	330
621	301
622	311
623	286
624	303
625	283
626	315
627	287
628	322
629	248
630	295
631	259
632	258
633	277
634	264
635	259
636	228
637	231
638	242
639	271
640	266
641	248
642	234
643	265
644	258
645	208
646	295
647	261
648	250
649	241
650	252
651	244
652	219
653	221
654	223
655	225
656	204
657	226
658	193
659	201
660	234
661	222
662	219
663	201
664	203
665	182
666	220
667	209
668	196
669	194
670	186
671	163
672	214
673	202
674	218
675	179
676	182
677	168
678	184
679	165
680	167
681	162
682	146
683	168
684	167
685	171
686	184
687	159
688	171
689	150
690	169
691	166
692	164
693	142
694	150
695	155
696	156
697	136
698	142
699	138
700	149
701	157
702	140
703	111
704	140
705	155
706	152
707	121
708	142
709	147
710	126
711	139
712	101
713	160
714	136
715	122
716	116
717	145
718	136
719	151
720	133
721	124
722	102
723	118
724	113
725	111
726	134
727	102
728	117
729	113
730	111
731	111
732	116
733	115
734	110
735	122
736	104
737	102
738	97
739	97
740	103
741	94
742	92
743	93
744	104
745	111
746	115
747	96
748	94
749	94
750	116
751	82
752	81
753	106
754	100
755	83
756	78
757	104
758	89
759	96
760	97
761	95
762	76
763	79
764	90
765	81
766	90
767	94
768	84
769	75
770	91
771	88
772	83
773	75
774	76
775	86
776	82
777	82
778	88
779	74
780	86
781	78
782	62
783	65
784	71
785	71
786	78
787	77
788	76
789	69
790	61
791	74
792	75
793	68
794	74
795	61
796	66
797	59
798	78
799	69
800	75
801	47
802	65
803	99
804	68
805	80
806	75
807	66
808	73
809	64
810	69
811	59
812	51
813	58
814	60
815	65
816	53
817	71
818	53
819	62
820	57
821	85
822	51
823	48
824	51
825	43
826	51
827	64
828	53
829	50
830	51
831	44
832	58
833	60
834	55
835	51
836	49
837	40
838	42
839	40
840	49
841	42
842	45
843	51
844	46
845	41
846	47
847	57
848	40
849	59
850	50
851	53
852	54
853	44
854	48
855	36
856	29
857	34
858	47
859	35
860	33
861	33
862	43
863	36
864	38
865	39
866	42
867	36
868	36
869	43
870	39
871	32
872	43
873	45
874	34
875	34
876	27
877	41
878	51
879	37
880	31
881	36
882	28
883	22
884	34
885	33
886	37
887	44
888	28
889	31
890	31
891	22
892	31
893	32
894	38
895	40
896	24
897	30
898	38
899	23
900	24
901	31
902	34
903	22
904	31
905	28
906	34
907	29
908	34
909	25
910	39
911	26
912	27
913	30
914	22
915	19
916	18
917	18
918	15
919	32
920	30
921	26
922	19
923	30
924	20
925	29
926	29
927	25
928	23
929	18
930	25
931	21
932	21
933	26
934	17
935	22
936	26
937	18
938	27
939	18
940	28
941	25
942	25
943	27
944	26
945	25
946	25
947	18
948	23
949	14
950	10
951	12
952	19
953	25
954	18
955	34
956	16
957	16
958	21
959	18
960	14
961	16
962	21
963	22
964	15
965	10
966	19
967	21
968	13
969	16
970	19
971	21
972	24
973	15
974	17
975	14
976	14
977	22
978	15
979	9
980	26
981	10
982	13
983	14
984	20
985	16
986	13
987	11
988	12
989	13
990	10
991	10
992	18
993	12
994	5
995	21
996	13
997	7
998	19
999	14
1000	7
1001	11
1002	9
1003	14
1004	14
1005	12
1006	9
1007	12
1008	19
1009	13
1010	11
1011	8
1012	6
1013	16
1014	8
1015	10
1016	9
1017	6
1018	14
1019	17
1020	11
1021	4
1022	6
1023	17
1024	8
1025	9
1026	13
1027	14
1028	6
1029	14
1030	10
1031	16
1032	7
1033	5
1034	13
1035	10
1036	8
1037	14
1038	9
1039	4
1040	5
1041	10
1042	7
1043	8
1044	8
1045	14
1046	6
1047	9
1048	2
1049	6
1050	5
1051	9
1052	10
1053	6
1054	8
1055	5
1056	3
1057	8
1058	9
1059	10
1060	7
1061	7
1062	8
1063	3
1064	4
1065	5
1066	6
1067	6
1068	7
1069	3
1070	14
1071	2
1072	8
1073	10
1074	8
1075	6
1076	5
1077	8
1078	7
1079	3
1080	5
1081	8
1082	4
1083	3
1084	4
1085	8
1086	8
1087	4
1088	7
1089	7
1090	1
1091	6
1092	6
1093	4
1094	5
1095	8
1096	5
1097	5
1098	4
1099	4
1100	3
1101	2
1102	2
1103	5
1104	4
1105	3
1106	2
1107	3
1109	3
1110	8
1111	3
1112	1
1113	4
1114	5
1115	3
1116	2
1117	4
1118	3
1119	3
1120	1
1121	4
1122	2
1123	3
1124	4
1125	5
1126	3
1127	3
1128	2
1129	2
1130	4
1131	2
1132	4
1133	2
1134	4
1135	3
1136	5
1137	5
1138	1
1139	1
1141	3
1142	3
1143	6
1144	3
1145	1
1147	2
1148	2
1149	1
1150	2
1151	3
1152	3
1153	2
1154	2
1155	3
1156	5
1157	5
1159	3
1161	1
1162	1
1163	2
1164	3
1165	1
1167	1
1169	3
1170	1
1171	1
1172	3
1173	1
1175	1
1176	1
1177	3
1178	1
1180	1
1181	1
1182	2
1183	4
1184	2
1186	2
1191	2
1194	1
1195	2
1196	1
1197	1
1199	1
1201	1
1202	2
1203	1
1204	2
1205	1
1206	1
1207	2
1208	1
1209	1
1211	1
1212	1
1213	1
1215	1
1216	1
1217	1
1218	1
1220	1
1222	1
1224	2
1225	1
1229	1
1230	1
1232	1
1234	1
1243	1
1248	1
1249	2
1263	1
1273	1
1282	1
1286	1
1290	1
1302	1
1333	1
1343	1
1348	1
2537	1
2972	1
4402	1
7690	1
10717	1
11982	1
21483	1
22555	1
30602	1
30872	1
