#Mean	309.206
#Median	289
#Mode	262
#STDev	98.817
#PercentOfPairs	14.949
#InsertSize	Count
13	1
43	1
47	2
49	2
50	2
52	1
54	1
55	1
58	1
59	1
62	2
65	2
66	2
72	1
73	1
74	1
75	1
77	2
78	5
79	2
80	1
81	1
82	1
83	3
84	4
85	2
86	3
87	1
89	2
92	1
93	1
94	4
95	5
98	2
99	3
100	1
101	1
102	1
103	4
104	4
105	3
107	4
108	2
109	3
112	1
113	2
114	5
115	3
116	3
117	2
118	2
119	5
120	2
122	1
123	3
125	7
126	10
127	9
128	7
129	16
130	14
131	19
132	16
133	21
134	36
135	27
136	39
137	31
138	35
139	60
140	65
141	61
142	71
143	91
144	106
145	107
146	125
147	113
148	121
149	160
150	164
151	206
152	208
153	210
154	201
155	223
156	205
157	223
158	238
159	237
160	283
161	280
162	289
163	285
164	364
165	348
166	360
167	381
168	373
169	375
170	423
171	474
172	483
173	526
174	486
175	514
176	545
177	566
178	611
179	591
180	663
181	668
182	670
183	695
184	743
185	759
186	822
187	794
188	860
189	875
190	915
191	935
192	951
193	1008
194	1045
195	1010
196	1040
197	1162
198	1138
199	1198
200	1198
201	1287
202	1234
203	1302
204	1295
205	1429
206	1379
207	1468
208	1455
209	1522
210	1585
211	1553
212	1644
213	1682
214	1668
215	1718
216	1749
217	1713
218	1781
219	1884
220	1856
221	1861
222	1993
223	1984
224	1942
225	2092
226	2052
227	2040
228	2137
229	2109
230	2191
231	2167
232	2297
233	2271
234	2256
235	2311
236	2369
237	2343
238	2433
239	2537
240	2438
241	2503
242	2555
243	2476
244	2480
245	2599
246	2521
247	2492
248	2542
249	2580
250	2524
251	2576
252	2556
253	2576
254	2677
255	2629
256	2580
257	2689
258	2660
259	2630
260	2704
261	2659
262	2784
263	2652
264	2614
265	2616
266	2560
267	2576
268	2600
269	2633
270	2688
271	2753
272	2625
273	2559
274	2654
275	2640
276	2570
277	2603
278	2590
279	2472
280	2497
281	2576
282	2429
283	2548
284	2604
285	2518
286	2508
287	2479
288	2515
289	2461
290	2386
291	2517
292	2380
293	2452
294	2345
295	2261
296	2276
297	2356
298	2379
299	2203
300	2220
301	2259
302	2193
303	2312
304	2097
305	2075
306	2165
307	2161
308	2072
309	2074
310	2079
311	2061
312	1968
313	1966
314	1987
315	1999
316	1946
317	1943
318	1889
319	1793
320	1754
321	1822
322	1827
323	1830
324	1861
325	1792
326	1771
327	1758
328	1780
329	1727
330	1623
331	1696
332	1658
333	1638
334	1662
335	1615
336	1536
337	1587
338	1549
339	1548
340	1498
341	1559
342	1450
343	1463
344	1408
345	1447
346	1408
347	1415
348	1414
349	1371
350	1352
351	1407
352	1348
353	1306
354	1285
355	1309
356	1206
357	1196
358	1241
359	1231
360	1200
361	1219
362	1158
363	1197
364	1196
365	1135
366	1117
367	1117
368	1108
369	1159
370	1050
371	1060
372	1018
373	1071
374	1069
375	1032
376	970
377	1035
378	965
379	998
380	959
381	955
382	896
383	979
384	892
385	917
386	905
387	828
388	847
389	842
390	867
391	825
392	834
393	828
394	811
395	780
396	763
397	751
398	728
399	783
400	771
401	779
402	745
403	712
404	721
405	692
406	700
407	719
408	684
409	700
410	728
411	693
412	638
413	686
414	660
415	644
416	620
417	641
418	584
419	599
420	642
421	577
422	637
423	593
424	577
425	550
426	563
427	560
428	553
429	499
430	542
431	500
432	539
433	514
434	519
435	499
436	478
437	486
438	472
439	508
440	464
441	463
442	447
443	466
444	441
445	441
446	432
447	451
448	408
449	406
450	417
451	446
452	397
453	380
454	373
455	355
456	323
457	375
458	377
459	377
460	329
461	331
462	349
463	342
464	376
465	389
466	341
467	336
468	333
469	325
470	295
471	325
472	308
473	318
474	318
475	321
476	294
477	288
478	296
479	287
480	281
481	298
482	304
483	294
484	275
485	254
486	251
487	245
488	272
489	253
490	279
491	243
492	236
493	237
494	238
495	253
496	227
497	220
498	233
499	231
500	201
501	210
502	230
503	226
504	214
505	233
506	221
507	223
508	205
509	198
510	201
511	188
512	197
513	194
514	184
515	176
516	172
517	158
518	184
519	191
520	196
521	170
522	169
523	184
524	169
525	162
526	181
527	154
528	180
529	140
530	157
531	137
532	136
533	167
534	123
535	140
536	140
537	153
538	121
539	140
540	154
541	131
542	139
543	141
544	138
545	120
546	143
547	129
548	148
549	140
550	118
551	121
552	124
553	141
554	113
555	113
556	125
557	126
558	118
559	96
560	99
561	122
562	113
563	95
564	103
565	107
566	109
567	116
568	92
569	102
570	103
571	87
572	92
573	91
574	86
575	107
576	97
577	101
578	92
579	79
580	103
581	77
582	87
583	69
584	82
585	90
586	81
587	72
588	65
589	88
590	77
591	84
592	69
593	98
594	80
595	81
596	73
597	63
598	84
599	72
600	70
601	87
602	53
603	70
604	72
605	59
606	62
607	76
608	76
609	53
610	62
611	78
612	55
613	59
614	65
615	72
616	59
617	55
618	58
619	54
620	65
621	40
622	66
623	69
624	46
625	59
626	53
627	54
628	52
629	39
630	60
631	56
632	38
633	48
634	52
635	59
636	47
637	45
638	54
639	52
640	38
641	55
642	53
643	42
644	44
645	44
646	45
647	50
648	35
649	47
650	43
651	47
652	45
653	46
654	40
655	35
656	32
657	39
658	21
659	41
660	40
661	27
662	34
663	51
664	37
665	49
666	36
667	39
668	36
669	40
670	32
671	37
672	35
673	42
674	42
675	27
676	31
677	27
678	41
679	39
680	33
681	25
682	27
683	32
684	33
685	37
686	32
687	26
688	33
689	21
690	27
691	23
692	25
693	26
694	33
695	30
696	28
697	27
698	24
699	27
700	24
701	33
702	31
703	30
704	30
705	22
706	36
707	26
708	24
709	31
710	28
711	16
712	22
713	25
714	34
715	26
716	17
717	32
718	22
719	19
720	14
721	27
722	24
723	22
724	21
725	26
726	14
727	21
728	15
729	20
730	21
731	26
732	24
733	24
734	18
735	19
736	17
737	26
738	22
739	11
740	26
741	27
742	18
743	18
744	23
745	22
746	17
747	19
748	17
749	25
750	22
751	18
752	23
753	22
754	22
755	13
756	12
757	9
758	17
759	15
760	14
761	14
762	18
763	23
764	15
765	13
766	18
767	11
768	15
769	11
770	7
771	12
772	11
773	17
774	15
775	27
776	13
777	7
778	10
779	12
780	15
781	10
782	16
783	14
784	13
785	14
786	12
787	13
788	13
789	14
790	13
791	11
792	9
793	15
794	8
795	7
796	13
797	16
798	11
799	16
800	15
801	12
802	11
803	10
804	11
805	10
806	11
807	18
808	14
809	11
810	11
811	10
812	13
813	10
814	7
815	11
816	12
817	6
818	10
819	13
820	12
821	14
822	13
823	8
824	6
825	12
826	11
827	13
828	15
829	14
830	8
831	12
832	17
833	9
834	8
835	9
836	7
837	7
838	7
839	7
840	9
841	17
842	8
843	11
844	9
845	11
846	7
847	11
848	7
849	6
850	10
851	6
852	4
853	6
854	9
855	8
856	7
857	4
858	2
859	9
860	8
861	7
862	4
863	6
864	7
865	14
866	3
867	11
868	7
869	7
870	8
871	6
872	6
873	4
874	8
875	6
876	5
877	8
878	7
879	4
880	5
881	15
882	2
883	6
884	5
885	5
886	6
887	5
888	9
889	8
890	11
891	4
892	5
893	4
894	11
895	2
896	4
897	6
898	5
899	6
900	8
901	5
902	7
903	5
904	7
905	4
906	3
907	2
908	5
909	5
910	6
911	5
912	8
913	6
914	5
915	9
916	4
917	5
918	2
919	11
920	3
921	9
922	7
923	3
924	3
925	9
926	9
927	2
928	5
929	7
930	5
931	5
933	2
934	6
935	3
936	7
937	6
938	2
939	8
940	6
941	1
942	5
943	4
944	4
945	2
946	1
947	6
948	3
949	6
950	2
951	3
952	2
953	4
954	3
955	3
956	7
957	2
958	8
959	5
960	3
961	4
962	1
963	3
964	3
965	1
966	4
967	1
968	1
969	4
970	2
971	3
972	2
973	3
974	2
975	8
976	2
977	1
978	4
979	1
980	4
981	2
982	1
983	4
984	1
985	2
986	3
987	4
988	2
990	3
991	7
992	2
993	4
994	3
995	2
996	1
997	4
998	8
999	2
1000	4
1001	3
1002	3
1003	2
1004	3
1005	2
1006	2
1007	3
1008	2
1009	4
1010	2
1011	3
1012	3
1013	1
1014	2
1015	2
1016	2
1017	1
1018	2
1019	2
1020	1
1022	1
1023	3
1024	3
1025	2
1026	1
1027	1
1028	4
1029	2
1031	2
1032	1
1036	4
1038	2
1039	1
1040	1
1041	1
1042	3
1043	1
1044	2
1046	6
1047	5
1049	1
1050	2
1051	1
1052	2
1053	2
1054	2
1056	1
1057	2
1058	3
1060	1
1062	1
1063	3
1064	1
1065	1
1066	1
1067	1
1068	1
1070	1
1071	2
1072	3
1074	4
1076	2
1077	1
1078	1
1079	1
1080	1
1082	2
1083	1
1084	1
1085	3
1087	1
1091	1
1093	2
1094	1
1095	1
1096	2
1097	1
1098	3
1099	1
1101	1
1103	1
1106	1
1107	2
1108	1
1110	1
1111	2
1115	1
1117	1
1122	2
1124	1
1126	1
1131	1
1132	1
1133	2
1136	1
1137	1
1139	1
1144	2
1145	2
1146	4
1148	1
1152	1
1154	1
1156	1
1160	2
1162	1
1166	1
1167	1
1179	1
1182	1
1192	1
1196	1
1198	1
1200	1
1202	1
1213	2
1214	2
1246	1
1263	1
1278	1
4684	1
